2 0.6515625 0.93359375 0.15 0.1171875
2 0.56875 0.825 0.18046875 0.1421875
2 0.22890625 0.80390625 0.08046875 0.0625
2 0.35078125 0.73125 0.10390625 0.08046875
2 0.48984375 0.69765625 0.05234375 0.04375
2 0.58046875 0.73046875 0.11953125 0.084375
2 0.43125 0.64609375 0.096875 0.06875
0 0.63984375 0.6390625 0.15703125 0.12265625
0 0.5734375 0.559375 0.1640625 0.12734375
2 0.4796875 0.54609375 0.05546875 0.0703125
1 0.51015625 0.4734375 0.13125 0.10078125
1 0.72109375 0.484375 0.17265625 0.11953125
1 0.746875 0.35234375 0.1328125 0.10390625
0 0.325 0.4359375 0.06484375 0.05078125
0 0.1515625 0.428125 0.05078125 0.034375
2 0.203125 0.453125 0.03203125 0.025
2 0.2328125 0.4125 0.0265625 0.0171875
2 0.16484375 0.459375 0.04375 0.03671875
2 0.14921875 0.4859375 0.02109375 0.0171875
1 0.12421875 0.45234375 0.05078125 0.03515625
0 0.025 0.55859375 0.04609375 0.0359375
0 0.07890625 0.49140625 0.04609375 0.03203125
2 0.06015625 0.42421875 0.04609375 0.0296875
2 0.07578125 0.3953125 0.0515625 0.03359375
2 0.0296875 0.4 0.04921875 0.0359375