0 0.53515625 0.325 0.13203125 0.1109375
0 0.39140625 0.13671875 0.1078125 0.1109375
0 0.35859375 0.33984375 0.12890625 0.103125
2 0.3421875 0.3953125 0.06171875 0.0359375
2 0.28046875 0.32109375 0.02421875 0.01640625
2 0.275 0.43515625 0.0625 0.04609375
2 0.07890625 0.43671875 0.0921875 0.06640625
2 0.15234375 0.44765625 0.07109375 0.03984375
2 0.1671875 0.5265625 0.04765625 0.03359375
2 0.090625 0.54921875 0.0890625 0.06171875
2 0.475 0.5421875 0.13671875 0.0984375
2 0.4609375 0.66953125 0.11484375 0.0875
2 0.378125 0.62109375 0.10703125 0.08203125
2 0.33359375 0.68125 0.08828125 0.0765625
2 0.46796875 0.78359375 0.09765625 0.071875
2 0.39140625 0.775 0.05859375 0.05703125
2 0.471875 0.8671875 0.0765625 0.06484375
2 0.4109375 0.8375 0.05078125 0.04375
2 0.940625 0.05 0.05625 0.04921875
2 0.859375 0.075 0.0515625 0.04296875
2 0.7578125 0.0546875 0.04765625 0.03828125
2 0.884375 0.2234375 0.0578125 0.04375
2 0.87109375 0.190625 0.0625 0.0484375
2 0.94453125 0.26953125 0.04296875 0.03125
2 0.946875 0.015625 0.06328125 0.03046875
2 0.92890625 0.1265625 0.04375 0.028125
2 0.8078125 0.01953125 0.0515625 0.03671875
2 0.88046875 0.34609375 0.04609375 0.03046875
2 0.80703125 0.278125 0.059375 0.04375
2 0.7515625 0.28125 0.0546875 0.0421875
2 0.67421875 0.22421875 0.053125 0.046875
2 0.62890625 0.24609375 0.0578125 0.04453125
2 0.73828125 0.39921875 0.05 0.0359375
2 0.64375 0.4140625 0.03359375 0.0265625
2 0.66953125 0.3671875 0.04375 0.0375
2 0.97734375 0.0953125 0.021875 0.01640625
2 0.946875 0.34140625 0.0171875 0.0171875
2 0.72578125 0.08671875 0.021875 0.01640625
2 0.79296875 0.2296875 0.053125 0.0390625
2 0.8625 0.33515625 0.0515625 0.0421875
0 0.30234375 0.65390625 0.0640625 0.04375
0 0.24921875 0.68515625 0.059375 0.0421875
0 0.23046875 0.65234375 0.06640625 0.0484375
0 0.19296875 0.9171875 0.06328125 0.04921875
2 0.68984375 0.50625 0.01484375 0.0125
2 0.84375 0.1125 0.04296875 0.03359375
2 0.81328125 0.33203125 0.05 0.0390625
2 0.6859375 0.30078125 0.04375 0.03125
2 0.69296875 0.265625 0.04609375 0.0359375