0 0.1609375 0.671875 0.13828125 0.09765625
0 0.14453125 0.60078125 0.1375 0.084375
2 0.1015625 0.53125 0.11640625 0.07578125
2 0.22109375 0.4515625 0.1171875 0.08828125
1 0.29765625 0.509375 0.12734375 0.090625
0 0.41796875 0.4203125 0.14921875 0.10703125
0 0.3375 0.57578125 0.13515625 0.1046875
0 0.2984375 0.6421875 0.09453125 0.06484375
2 0.26796875 0.6875 0.0921875 0.05859375
2 0.2328125 0.5796875 0.09921875 0.084375
2 0.33515625 0.7359375 0.10546875 0.084375
0 0.4421875 0.57109375 0.0859375 0.0796875
0 0.3921875 0.6421875 0.0796875 0.06875
2 0.47421875 0.63671875 0.07734375 0.07109375
2 0.49765625 0.46640625 0.11640625 0.08828125
2 0.540625 0.55546875 0.09140625 0.07109375
2 0.55390625 0.63125 0.1078125 0.08515625
2 0.6453125 0.70390625 0.1015625 0.078125
2 0.534375 0.72421875 0.0796875 0.06328125
2 0.55078125 0.76953125 0.0578125 0.04375
2 0.75 0.71328125 0.06484375 0.046875
2 0.6859375 0.61171875 0.0828125 0.06484375
2 0.6421875 0.490625 0.08046875 0.0578125
2 0.65 0.4125 0.0484375 0.0359375
2 0.70703125 0.30078125 0.0671875 0.0484375
0 0.65625 0.3359375 0.08515625 0.0671875
2 0.6640625 0.2328125 0.071875 0.0453125
0 0.5875 0.2515625 0.10546875 0.08125
1 0.5890625 0.29921875 0.08828125 0.053125