1 0.25 0.2796875 0.1453125 0.1109375
1 0.3609375 0.39140625 0.13125 0.09609375
1 0.521875 0.4390625 0.11875 0.09296875
0 0.6640625 0.45859375 0.1296875 0.09296875
1 0.65390625 0.3625 0.1453125 0.10625
0 0.38046875 0.48984375 0.0765625 0.08671875
2 0.23671875 0.390625 0.1265625 0.0984375
2 0.18203125 0.4765625 0.1078125 0.09453125
2 0.128125 0.5578125 0.0828125 0.078125
2 0.3171875 0.49453125 0.1203125 0.10703125
2 0.19453125 0.6015625 0.06015625 0.07109375
2 0.2609375 0.5953125 0.1078125 0.109375
2 0.36171875 0.58359375 0.09765625 0.0859375
2 0.36015625 0.7 0.08515625 0.07109375
2 0.446875 0.6 0.1140625 0.0921875
2 0.50078125 0.5046875 0.11640625 0.0875
2 0.5078125 0.55625 0.10390625 0.0671875
2 0.6171875 0.56171875 0.10859375 0.08671875
2 0.59140625 0.66484375 0.0984375 0.10078125
2 0.525 0.63125 0.0828125 0.06875
2 0.49140625 0.68515625 0.09765625 0.09609375
2 0.44453125 0.68984375 0.04765625 0.0859375
2 0.78515625 0.44453125 0.0671875 0.0421875
2 0.88359375 0.40859375 0.15234375 0.11640625
2 0.80859375 0.5453125 0.13828125 0.1046875
2 0.89765625 0.565625 0.08125 0.06171875
2 0.871875 0.628125 0.13125 0.1109375
2 0.89921875 0.6890625 0.0953125 0.08125