1 0.28515625 0.696875 0.13984375 0.10390625
1 0.290625 0.79453125 0.12109375 0.09765625
1 0.2359375 0.8953125 0.13984375 0.115625
1 0.19296875 0.8140625 0.134375 0.10703125
1 0.3828125 0.3640625 0.1828125 0.14296875
1 0.4109375 0.16328125 0.15 0.1203125
1 0.5 0.28984375 0.17890625 0.13203125
1 0.50234375 0.19296875 0.1390625 0.096875
1 0.6078125 0.2984375 0.10703125 0.115625
2 0.70703125 0.27265625 0.140625 0.08984375
2 0.6390625 0.2 0.13203125 0.09140625
2 0.571875 0.4265625 0.15859375 0.121875
2 0.49921875 0.48046875 0.10859375 0.0875
2 0.40078125 0.50546875 0.14921875 0.1125
2 0.58203125 0.54921875 0.1421875 0.109375
2 0.61796875 0.66953125 0.1359375 0.10546875
2 0.44140625 0.63203125 0.13125 0.1
2 0.4875 0.79609375 0.13046875 0.10859375
2 0.584375 0.0453125 0.146875 0.090625