2 0.26015625 0.1703125 0.03359375 0.0296875
2 0.19453125 0.1203125 0.07734375 0.06015625
2 0.196875 0.071875 0.06171875 0.05
2 0.084375 0.05859375 0.0921875 0.06875
2 0.02890625 0.09921875 0.04765625 0.0390625
2 0.103125 0.14765625 0.04375 0.03046875
0 0.0515625 0.16015625 0.046875 0.03515625
2 0.196875 0.203125 0.04453125 0.0390625
2 0.13828125 0.2046875 0.05546875 0.0375
2 0.17890625 0.2625 0.03671875 0.03359375
2 0.1421875 0.27265625 0.05234375 0.03671875
2 0.1234375 0.2953125 0.06875 0.04765625
2 0.1265625 0.33359375 0.05234375 0.03125
1 0.2921875 0.52421875 0.09296875 0.05625
0 0.2953125 0.57734375 0.096875 0.06328125
0 0.3515625 0.62265625 0.08828125 0.0578125
0 0.2046875 0.6125 0.10546875 0.07890625
1 0.2359375 0.68125 0.1125 0.06484375
0 0.2296875 0.7328125 0.1109375 0.0828125
1 0.6484375 0.23125 0.0953125 0.07265625
2 0.5734375 0.246875 0.08359375 0.05078125
2 0.62578125 0.2984375 0.090625 0.06953125
2 0.57265625 0.284375 0.07109375 0.0609375
2 0.55703125 0.334375 0.07734375 0.05390625
2 0.5953125 0.35859375 0.0609375 0.05078125
2 0.61953125 0.378125 0.07421875 0.05390625
2 0.6390625 0.4015625 0.0734375 0.0546875
2 0.71796875 0.1390625 0.09921875 0.08125
2 0.71484375 0.278125 0.0734375 0.05703125
2 0.7484375 0.30390625 0.07109375 0.0390625
2 0.7484375 0.32109375 0.0734375 0.0375
2 0.77578125 0.28359375 0.05390625 0.0390625
0 0.87734375 0.0609375 0.05703125 0.046875
2 0.94453125 0.01953125 0.08984375 0.03828125
2 0.784375 0.21015625 0.084375 0.0703125
2 0.82109375 0.13203125 0.04375 0.0390625
2 0.871875 0.121875 0.06953125 0.0640625
2 0.9265625 0.1203125 0.0890625 0.06875
2 0.90703125 0.20078125 0.05234375 0.03828125
2 0.85 0.2640625 0.07578125 0.06171875
2 0.87890625 0.2953125 0.0796875 0.059375
2 0.86171875 0.3171875 0.0609375 0.0390625
1 0.9890625 0.40625 0.021875 0.03828125
0 0.8796875 0.39609375 0.034375 0.03125
2 0.9265625 0.36640625 0.04140625 0.028125
2 0.96015625 0.0890625 0.0640625 0.0421875
2 0.86796875 0.3671875 0.0609375 0.04140625
2 0.846875 0.396875 0.046875 0.03203125
2 0.765625 0.1796875 0.04453125 0.03125
2 0.37265625 0.74609375 0.03984375 0.03359375