2 0.91484375 0.0125 0.0875 0.02421875
2 0.86796875 0.046875 0.0828125 0.071875
2 0.8390625 0.109375 0.06796875 0.0609375
2 0.74296875 0.1 0.075 0.0625
2 0.821875 0.165625 0.0734375 0.0515625
2 0.71171875 0.1640625 0.059375 0.059375
2 0.79140625 0.21796875 0.05390625 0.0515625
2 0.734375 0.215625 0.05859375 0.0546875
2 0.7640625 0.25859375 0.04609375 0.04921875
2 0.73125 0.2671875 0.04375 0.0484375
1 0.7171875 0.6390625 0.0359375 0.0328125
0 0.54765625 0.37265625 0.16484375 0.17890625
2 0.7515625 0.52421875 0.02734375 0.03046875
2 0.7171875 0.5390625 0.02578125 0.02578125
2 0.68125 0.58359375 0.028125 0.01953125
2 0.59140625 0.80078125 0.09453125 0.0640625
2 0.51640625 0.78671875 0.0703125 0.0734375
2 0.46015625 0.75078125 0.09296875 0.09375
2 0.453125 0.68671875 0.11640625 0.12578125
2 0.5625 0.5328125 0.15 0.13828125
2 0.60703125 0.60390625 0.1375 0.065625
2 0.39765625 0.59453125 0.12578125 0.12421875
2 0.3765625 0.4921875 0.1375 0.1421875