3 0.3140625 0.12265625 0.1140625 0.14609375
3 0.24375 0.16015625 0.11015625 0.1390625
5 0.60703125 0.2828125 0.08203125 0.0984375
5 0.584375 0.23125 0.0359375 0.0390625
5 0.625 0.05078125 0.06171875 0.09921875
5 0.58046875 0.0671875 0.0359375 0.0703125
4 0.22734375 0.39609375 0.07578125 0.0953125
3 0.23125 0.47734375 0.0828125 0.10625
3 0.2828125 0.46875 0.05625 0.0703125
5 0.2953125 0.5328125 0.06796875 0.08359375
4 0.703125 0.85390625 0.13671875 0.175
3 0.5984375 0.796875 0.1125 0.16328125
5 0.77265625 0.83203125 0.0796875 0.17109375
5 0.7 0.7484375 0.1 0.078125