0 0.8671875 0.7984375 0.03359375 0.02890625
0 0.840625 0.80625 0.0390625 0.03125
0 0.8140625 0.7921875 0.02890625 0.02265625
0 0.8171875 0.8171875 0.03359375 0.02734375
2 0.853125 0.82265625 0.03203125 0.01796875
1 0.69765625 0.77734375 0.034375 0.02890625
0 0.6890625 0.7953125 0.03359375 0.0265625
0 0.66796875 0.775 0.028125 0.0328125
2 0.09765625 0.43984375 0.0734375 0.0515625
2 0.0875 0.4828125 0.071875 0.05
2 0.1171875 0.50859375 0.05703125 0.0359375
2 0.09609375 0.54609375 0.05 0.03515625
2 0.046875 0.5671875 0.04765625 0.03046875
2 0.0140625 0.5015625 0.028125 0.04296875
2 0.0140625 0.55078125 0.02734375 0.0328125
2 0.59453125 0.28359375 0.1375 0.09921875
2 0.62734375 0.4046875 0.1546875 0.1078125
2 0.56640625 0.4765625 0.12578125 0.09296875
2 0.88359375 0.446875 0.15625 0.115625
2 0.8890625 0.51328125 0.02890625 0.01875
2 0.815625 0.55703125 0.1328125 0.10390625
2 0.90859375 0.5125 0.02421875 0.01875
2 0.85546875 0.7265625 0.0359375 0.02578125
2 0.825 0.71015625 0.0359375 0.0265625
2 0.6359375 0.57421875 0.12109375 0.09375
2 0.74453125 0.6234375 0.1265625 0.103125
2 0.3078125 0.778125 0.0234375 0.01953125
2 0.290625 0.7953125 0.025 0.01953125
2 0.28359375 0.81015625 0.0203125 0.01640625
2 0.27890625 0.82578125 0.01875 0.0140625
2 0.315625 0.8109375 0.015625 0.01484375
2 0.309375 0.7953125 0.01640625 0.01484375
1 0.6125 0.86640625 0.0203125 0.021875
0 0.25703125 0.7796875 0.02265625 0.01640625
2 0.8359375 0.35 0.165625 0.12109375
0 0.9890625 0.8265625 0.02109375 0.0265625