2 0.25 0.62265625 0.125 0.08828125
2 0.215625 0.69453125 0.071875 0.06015625
2 0.23046875 0.57890625 0.11875 0.0609375
2 0.1828125 0.6578125 0.0703125 0.0484375
2 0.14765625 0.6265625 0.08828125 0.06953125
2 0.21015625 0.75078125 0.09140625 0.0640625
2 0.0484375 0.58125 0.06015625 0.0453125
2 0.08671875 0.65859375 0.053125 0.0390625
2 0.3859375 0.81171875 0.08359375 0.07109375
2 0.41953125 0.696875 0.1171875 0.0875
2 0.540625 0.7046875 0.11640625 0.09140625
0 0.496875 0.5796875 0.1546875 0.11328125
0 0.375 0.571875 0.12109375 0.09296875
2 0.353125 0.4984375 0.1234375 0.090625
0 0.45078125 0.41953125 0.13828125 0.10703125
2 0.29921875 0.44296875 0.09140625 0.06640625
0 0.521875 0.39765625 0.09453125 0.08828125
0 0.56171875 0.4390625 0.0859375 0.07890625
0 0.6578125 0.41953125 0.13515625 0.0984375
2 0.60546875 0.56328125 0.075 0.05625
2 0.675 0.56015625 0.0671875 0.0515625
2 0.6703125 0.49921875 0.09296875 0.0734375
2 0.8234375 0.525 0.05625 0.04375
2 0.71640625 0.44609375 0.0296875 0.03046875
2 0.61640625 0.49375 0.06015625 0.05859375
2 0.89296875 0.37421875 0.06484375 0.046875
2 0.91796875 0.32578125 0.0703125 0.046875
2 0.98046875 0.27890625 0.0390625 0.06484375
2 0.9734375 0.2609375 0.05234375 0.0390625
2 0.76171875 0.4046875 0.0515625 0.028125
2 0.25 0.53359375 0.07421875 0.05390625
2 0.08359375 0.44765625 0.06953125 0.04765625
2 0.11640625 0.50703125 0.03984375 0.0296875