2 0.3921875 0.1640625 0.16015625 0.12734375
2 0.73046875 0.2453125 0.1703125 0.1265625
2 0.7 0.32421875 0.1109375 0.0734375
2 0.3265625 0.27578125 0.1359375 0.1078125
2 0.6640625 0.40234375 0.1328125 0.10078125
2 0.51640625 0.3640625 0.14296875 0.109375
2 0.33828125 0.371875 0.14296875 0.115625
1 0.9453125 0.43984375 0.0984375 0.06875
1 0.9484375 0.4828125 0.08203125 0.0328125
2 0.6328125 0.453125 0.1015625 0.06328125
2 0.36953125 0.44296875 0.11015625 0.071875
1 0.22734375 0.4359375 0.18203125 0.134375
2 0.39140625 0.5265625 0.125 0.09921875
0 0.2359375 0.54453125 0.1578125 0.10546875
2 0.54921875 0.5359375 0.1125 0.08828125
2 0.9359375 0.5609375 0.0796875 0.0546875
2 0.55703125 0.61484375 0.06953125 0.0734375
2 0.4765625 0.6125 0.1234375 0.09296875
2 0.9296875 0.60078125 0.07421875 0.04296875
2 0.94453125 0.6375 0.06796875 0.04375
2 0.9765625 0.68359375 0.0453125 0.03671875
2 0.95703125 0.6890625 0.040625 0.03125
2 0.4125 0.6765625 0.021875 0.02109375
2 0.47734375 0.70078125 0.05390625 0.04296875
2 0.22109375 0.7015625 0.13515625 0.10078125
2 0.25078125 0.75 0.0875 0.06015625
2 0.2890625 0.790625 0.10703125 0.0765625
2 0.3171875 0.8109375 0.084375 0.06640625
2 0.27265625 0.840625 0.05390625 0.03984375