5 0.61015625 0.12890625 0.20390625 0.159375
5 0.7296875 0.0390625 0.171875 0.0765625
5 0.240625 0.21015625 0.0453125 0.03203125
5 0.21640625 0.24140625 0.078125 0.059375
5 0.16015625 0.19765625 0.0484375 0.03828125
5 0.14609375 0.22265625 0.075 0.05
5 0.28046875 0.4671875 0.05859375 0.03671875
5 0.2734375 0.49921875 0.0734375 0.06953125
4 0.48203125 0.7984375 0.1390625 0.146875
3 0.3734375 0.8421875 0.16328125 0.1484375
5 0.3453125 0.94609375 0.1953125 0.10625
4 0.81640625 0.984375 0.07734375 0.0296875
5 0.97109375 0.70234375 0.05703125 0.06640625
3 0.89765625 0.6796875 0.0859375 0.0609375
3 0.88359375 0.71015625 0.07265625 0.05