1 0.2203125 0.35390625 0.13046875 0.09765625
1 0.32890625 0.3734375 0.1109375 0.084375
1 0.2625 0.44296875 0.13203125 0.090625
0 0.40078125 0.47265625 0.11640625 0.0875
2 0.2984375 0.5984375 0.10390625 0.0796875
1 0.2109375 0.72890625 0.06953125 0.05
1 0.2671875 0.7453125 0.06953125 0.0515625
2 0.3203125 0.68359375 0.075 0.05859375
2 0.38359375 0.68125 0.07109375 0.06328125
2 0.36484375 0.73828125 0.0671875 0.0515625
2 0.54140625 0.5046875 0.10703125 0.0859375
2 0.60859375 0.54921875 0.1 0.06796875
2 0.7046875 0.4953125 0.15390625 0.1140625
2 0.71484375 0.3609375 0.146875 0.11171875
2 0.7734375 0.16796875 0.1578125 0.12734375