0 0.84453125 0.4171875 0.09609375 0.0765625
0 0.965625 0.2046875 0.06875 0.07109375
1 0.934375 0.24140625 0.07578125 0.06015625
0 0.96171875 0.290625 0.0734375 0.05546875
0 0.7375 0.384375 0.0796875 0.07421875
2 0.8546875 0.48515625 0.08203125 0.06328125
2 0.7484375 0.434375 0.07578125 0.0609375
2 0.76796875 0.46953125 0.0671875 0.06015625
2 0.7796875 0.515625 0.0625 0.05546875
2 0.82578125 0.5453125 0.05078125 0.04140625
2 0.87734375 0.5625 0.05546875 0.040625
2 0.86875 0.58828125 0.05390625 0.03203125
1 0.6484375 0.3953125 0.07734375 0.07421875
0 0.53125 0.4578125 0.1234375 0.1
0 0.49453125 0.390625 0.11640625 0.10390625
1 0.54140625 0.5484375 0.13203125 0.11953125
0 0.43203125 0.5421875 0.1171875 0.09609375
2 0.38359375 0.4484375 0.121875 0.07109375
1 0.2859375 0.55546875 0.15703125 0.10859375
1 0.440625 0.65078125 0.15703125 0.1203125
0 0.33671875 0.62109375 0.134375 0.10390625
2 0.58203125 0.7375 0.084375 0.0515625
2 0.5546875 0.6984375 0.0953125 0.04921875
2 0.5890625 0.4984375 0.04375 0.06015625