2 0.4140625 0.3125 0.13203125 0.12265625
2 0.178125 0.31484375 0.13671875 0.12109375
2 0.25 0.396875 0.11796875 0.10859375
2 0.4546875 0.41875 0.1046875 0.096875
2 0.84375 0.24453125 0.03984375 0.0328125
2 0.815625 0.25625 0.0359375 0.0328125
2 0.87421875 0.25546875 0.03359375 0.0328125
2 0.7875 0.2671875 0.0265625 0.0234375
2 0.69765625 0.40390625 0.09296875 0.09375
2 0.56796875 0.44296875 0.08359375 0.084375
2 0.7171875 0.478125 0.07734375 0.0796875
2 0.32890625 0.4171875 0.03203125 0.03671875
2 0.35390625 0.44765625 0.03203125 0.028125
2 0.43671875 0.490625 0.03359375 0.0265625
2 0.37578125 0.48515625 0.034375 0.03046875
2 0.4015625 0.5203125 0.03203125 0.03046875
2 0.46796875 0.52265625 0.01796875 0.01953125
2 0.4546875 0.55234375 0.01796875 0.0171875
2 0.2734375 0.5125 0.07421875 0.059375
2 0.3859375 0.58671875 0.01875 0.01171875
2 0.28671875 0.575 0.06953125 0.06484375
2 0.23125 0.6078125 0.05703125 0.05546875
2 0.31796875 0.63828125 0.0328125 0.0296875
2 0.28125 0.63984375 0.04453125 0.0328125
2 0.56171875 0.72578125 0.04453125 0.04375
2 0.559375 0.7703125 0.04375 0.0421875
2 0.55546875 0.803125 0.03671875 0.0296875
2 0.61875 0.753125 0.04453125 0.0375
2 0.62890625 0.7078125 0.04453125 0.040625
2 0.65859375 0.72265625 0.04375 0.0484375
2 0.70390625 0.71484375 0.04375 0.04296875
2 0.74140625 0.771875 0.04140625 0.0328125
1 0.86875 0.87734375 0.0765625 0.06875
2 0.91796875 0.2171875 0.02890625 0.03203125
2 0.459375 0.9265625 0.0328125 0.025
1 0.47109375 0.85546875 0.03125 0.0265625
1 0.40859375 0.9578125 0.025 0.0234375
1 0.378125 0.9796875 0.02890625 0.01875
1 0.38125 0.9890625 0.0375 0.02109375
2 0.45546875 0.9890625 0.0296875 0.0203125
1 0.3671875 0.98203125 0.02734375 0.028125
2 0.04765625 0.85234375 0.03125 0.02421875
2 0.07734375 0.88671875 0.03359375 0.02421875
2 0.13046875 0.91875 0.028125 0.01875
2 0.05390625 0.95546875 0.03203125 0.02578125
2 0.11171875 0.91875 0.0203125 0.01796875
2 0.115625 0.93515625 0.02265625 0.01640625
2 0.59296875 0.84609375 0.0359375 0.03515625
2 0.6234375 0.859375 0.03203125 0.03203125
2 0.7546875 0.8125 0.03125 0.01953125