2 0.5953125 0.05546875 0.12890625 0.109375
2 0.4453125 0.05625 0.125 0.1125
2 0.48515625 0.05 0.04375 0.06796875
2 0.7 0.25625 0.1859375 0.1375
1 0.6 0.41875 0.221875 0.19765625
0 0.68515625 0.5671875 0.215625 0.2015625
0 0.4796875 0.565625 0.19921875 0.14609375
2 0.46953125 0.44296875 0.0796875 0.1140625
0 0.4 0.5265625 0.13125 0.08984375
2 0.29140625 0.665625 0.12734375 0.12421875
2 0.37890625 0.48515625 0.11796875 0.071875
0 0.64609375 0.70078125 0.18046875 0.15234375
2 0.48515625 0.78828125 0.11796875 0.12421875
2 0.6640625 0.82109375 0.1390625 0.09921875
2 0.5515625 0.88203125 0.13203125 0.115625
2 0.66171875 0.9390625 0.1578125 0.12109375
2 0.55546875 0.97578125 0.134375 0.046875