2 0.2109375 0.1953125 0.12265625 0.08125
2 0.35078125 0.1546875 0.1171875 0.10078125
2 0.72109375 0.07421875 0.11953125 0.09921875
2 0.6296875 0.13046875 0.14921875 0.09375
2 0.80625 0.17734375 0.18046875 0.14296875
1 0.6296875 0.27890625 0.2875 0.22578125
0 0.4625 0.28515625 0.13046875 0.14375
2 0.36953125 0.321875 0.11171875 0.053125
2 0.2890625 0.2640625 0.05859375 0.0875
2 0.37421875 0.37109375 0.1390625 0.09140625
1 0.33046875 0.45859375 0.16953125 0.1328125
1 0.4296875 0.53984375 0.19375 0.15
2 0.50625 0.66015625 0.1890625 0.15390625
2 0.46640625 0.70625 0.15390625 0.1140625
2 0.5375 0.834375 0.17734375 0.14765625
0 0.84609375 0.84296875 0.0609375 0.05234375
0 0.89921875 0.8703125 0.06796875 0.0515625
1 0.88671875 0.91640625 0.07265625 0.0609375
0 0.94140625 0.8375 0.0625 0.04609375
0 0.95 0.890625 0.0515625 0.04453125
1 0.9109375 0.97734375 0.06953125 0.0453125
2 0.85234375 0.90703125 0.03828125 0.0578125
2 0.85234375 0.93125 0.0609375 0.04453125