5 0.32109375 0.03671875 0.0546875 0.07265625
5 0.390625 0.059375 0.07890625 0.11796875
5 0.3515625 0.10859375 0.0671875 0.1125
5 0.415625 0.1546875 0.075 0.1
4 0.29609375 0.30078125 0.096875 0.1171875
4 0.2109375 0.30078125 0.0953125 0.13125
5 0.271875 0.38671875 0.0765625 0.09375
5 0.171875 0.4625 0.053125 0.0625
5 0.14765625 0.5203125 0.05703125 0.06328125
4 0.109375 0.63046875 0.04921875 0.0484375
5 0.2375 0.7671875 0.0421875 0.05
5 0.43125 0.82109375 0.0625 0.08671875
3 0.43828125 0.909375 0.06796875 0.09140625
4 0.6390625 0.62421875 0.04296875 0.04921875
4 0.65546875 0.4125 0.08515625 0.08359375
4 0.671875 0.4921875 0.0984375 0.14375
5 0.67890625 0.47265625 0.08125 0.10390625
3 0.59453125 0.45234375 0.059375 0.10078125
4 0.1953125 0.453125 0.025 0.05234375
3 0.01328125 0.44140625 0.0265625 0.05859375
5 0.89375 0.02734375 0.0859375 0.05390625