1 0.30546875 0.384375 0.08671875 0.09453125
0 0.28671875 0.46171875 0.11640625 0.08125
2 0.31875 0.52734375 0.08671875 0.07421875
0 0.44296875 0.4921875 0.090625 0.08671875
2 0.459375 0.5734375 0.08203125 0.078125
2 0.39375 0.2828125 0.0625 0.05
2 0.38515625 0.2625 0.046875 0.0359375
2 0.425 0.29765625 0.0578125 0.0546875
2 0.46015625 0.315625 0.06015625 0.0546875
2 0.49296875 0.35 0.04921875 0.04375
2 0.44609375 0.359375 0.04453125 0.03984375
2 0.42109375 0.3515625 0.02578125 0.02421875
2 0.39140625 0.5703125 0.0609375 0.0453125
2 0.465625 0.62421875 0.0578125 0.04140625
2 0.5171875 0.62734375 0.0453125 0.04375
2 0.48046875 0.66171875 0.06875 0.053125
2 0.51015625 0.70859375 0.05078125 0.04609375
2 0.4359375 0.66875 0.03515625 0.04609375