5 0.2953125 0.14765625 0.07890625 0.0625
3 0.4078125 0.159375 0.11796875 0.10390625
5 0.3515625 0.20234375 0.1078125 0.0921875
5 0.44453125 0.2359375 0.10703125 0.08125
4 0.29296875 0.3671875 0.14140625 0.09375
4 0.18203125 0.3796875 0.13515625 0.10625
5 0.27265625 0.43984375 0.1078125 0.07421875
3 0.09375 0.49609375 0.06953125 0.0390625
5 0.06796875 0.5375 0.07890625 0.04921875
5 0.21796875 0.71640625 0.05703125 0.03828125
4 0.0265625 0.62265625 0.05078125 0.03984375
5 0.53515625 0.7578125 0.0859375 0.0671875
3 0.56015625 0.82734375 0.08984375 0.0703125
4 0.74609375 0.56328125 0.05859375 0.0390625
4 0.8546875 0.48359375 0.1421875 0.11015625
5 0.87890625 0.471875 0.11796875 0.08359375
3 0.81171875 0.421875 0.121875 0.071875
3 0.740625 0.459375 0.09296875 0.078125