0 0.56328125 0.34453125 0.15 0.1125
1 0.28046875 0.35859375 0.19140625 0.14765625
0 0.48203125 0.43671875 0.15703125 0.11171875
2 0.4859375 0.590625 0.15390625 0.10859375
2 0.4984375 0.72421875 0.12578125 0.10234375
2 0.31484375 0.7 0.16328125 0.11796875
2 0.31640625 0.79453125 0.14296875 0.09453125
2 0.4671875 0.80390625 0.115625 0.08671875
2 0.39296875 0.8578125 0.07109375 0.0578125
2 0.3015625 0.8796875 0.10390625 0.08046875
2 0.06640625 0.87265625 0.05546875 0.04375
0 0.1328125 0.8171875 0.04375 0.03671875
0 0.05390625 0.7859375 0.05234375 0.03671875
2 0.08125 0.30625 0.04140625 0.03203125
2 0.121875 0.35625 0.0390625 0.02734375
2 0.134375 0.3859375 0.0375 0.025
2 0.0453125 0.37265625 0.04296875 0.0296875
2 0.034375 0.35234375 0.03984375 0.025
2 0.08046875 0.40234375 0.0359375 0.028125
2 0.11796875 0.425 0.0328125 0.02265625
2 0.01328125 0.40234375 0.0265625 0.0296875
2 0.1234375 0.7109375 0.03046875 0.0234375
1 0.11640625 0.69296875 0.0328125 0.0234375
2 0.165625 0.8703125 0.0390625 0.0359375
2 0.06796875 0.83046875 0.04921875 0.0359375
2 0.01953125 0.8796875 0.0390625 0.04140625
1 0.01171875 0.8546875 0.02265625 0.03984375
2 0.18984375 0.7859375 0.034375 0.025
2 0.1375 0.91328125 0.03984375 0.03203125
2 0.07734375 0.96484375 0.04375 0.03828125
2 0.11640625 0.96328125 0.0390625 0.03515625
0 0.13984375 0.7734375 0.0265625 0.02578125