1 0.52421875 0.4234375 0.12421875 0.09453125
0 0.5359375 0.47109375 0.10703125 0.04296875
2 0.55 0.50703125 0.078125 0.05234375
1 0.59140625 0.54453125 0.11171875 0.0828125
2 0.50078125 0.534375 0.0625 0.0453125
2 0.61015625 0.578125 0.08984375 0.05078125
0 0.37890625 0.63203125 0.1109375 0.09296875
1 0.33203125 0.7140625 0.13828125 0.1140625
2 0.3828125 0.74375 0.10234375 0.0890625
2 0.51484375 0.73125 0.096875 0.0578125
2 0.52578125 0.77890625 0.1078125 0.0828125
0 0.53671875 0.86171875 0.11953125 0.08671875
2 0.3359375 0.9484375 0.12890625 0.103125
1 0.65078125 0.91953125 0.1390625 0.115625