2 0.57890625 0.02734375 0.17890625 0.05390625
1 0.2609375 0.1140625 0.09140625 0.0703125
0 0.23046875 0.1546875 0.0984375 0.08828125
0 0.26015625 0.225 0.0859375 0.065625
2 0.62890625 0.159375 0.14765625 0.1109375
2 0.68125 0.2328125 0.1921875 0.15234375
2 0.21875 0.275 0.0953125 0.07265625
2 0.25546875 0.31640625 0.08046875 0.05859375
2 0.76328125 0.33046875 0.13359375 0.1046875
2 0.2109375 0.353125 0.08984375 0.06484375
2 0.2578125 0.390625 0.08046875 0.05625
2 0.74609375 0.4265625 0.17578125 0.12109375
2 0.23671875 0.43203125 0.0765625 0.05703125
2 0.2765625 0.44765625 0.0625 0.04609375
2 0.89296875 0.50859375 0.0328125 0.02265625
2 0.2765625 0.4875 0.05703125 0.03984375
2 0.76875 0.50078125 0.121875 0.07109375
2 0.7640625 0.56953125 0.1015625 0.0671875
2 0.68828125 0.65390625 0.11875 0.096875
2 0.6640625 0.684375 0.1125 0.0796875
1 0.78515625 0.675 0.0828125 0.0625
2 0.90234375 0.68984375 0.0609375 0.0453125
2 0.8421875 0.70703125 0.05859375 0.04453125
2 0.7859375 0.71015625 0.05703125 0.03203125
2 0.9484375 0.69375 0.0390625 0.034375
2 0.70078125 0.7578125 0.0671875 0.05
0 0.83203125 0.76796875 0.06953125 0.0515625
0 0.8546875 0.7953125 0.06875 0.0484375
0 0.7953125 0.82734375 0.0375 0.04375
2 0.67734375 0.8375 0.0625 0.0484375
0 0.903125 0.89140625 0.0484375 0.05078125
1 0.7703125 0.921875 0.0859375 0.071875
2 0.67109375 0.88515625 0.053125 0.040625
2 0.69296875 0.909375 0.0671875 0.05703125
2 0.82421875 0.925 0.0421875 0.05703125
0 0.715625 0.9640625 0.07421875 0.06328125
0 0.9796875 0.88828125 0.0390625 0.05546875
2 0.971875 0.91328125 0.05546875 0.053125
2 0.9359375 0.92578125 0.03515625 0.0375
0 0.05703125 0.9859375 0.07109375 0.02734375
0 0.15 0.96015625 0.07421875 0.05859375
2 0.67890625 0.61796875 0.09921875 0.0484375
2 0.83203125 0.63828125 0.03671875 0.0296875
1 0.28671875 0.60234375 0.03203125 0.01875
0 0.30078125 0.5578125 0.02890625 0.01640625
0 0.2359375 0.56640625 0.0265625 0.0171875
0 0.25703125 0.5625 0.0265625 0.01484375