2 0.68125 0.19921875 0.21796875 0.15546875
0 0.49921875 0.27265625 0.1640625 0.10859375
2 0.33203125 0.1546875 0.159375 0.15234375
0 0.365625 0.26875 0.12109375 0.0859375
2 0.25078125 0.31796875 0.165625 0.115625
2 0.36953125 0.403125 0.1484375 0.18203125
2 0.48046875 0.42109375 0.17265625 0.1484375
2 0.2796875 0.47734375 0.15703125 0.11640625
2 0.5609375 0.49921875 0.1484375 0.1109375
2 0.4421875 0.5578125 0.16171875 0.1234375
2 0.38359375 0.5375 0.09375 0.08984375
2 0.53125 0.62421875 0.13203125 0.10234375
2 0.4921875 0.7078125 0.1015625 0.08359375
2 0.3875 0.66171875 0.12890625 0.1015625