1 0.47109375 0.15 0.24609375 0.2140625
2 0.48984375 0.30390625 0.175 0.128125
2 0.3578125 0.41015625 0.16953125 0.1328125
2 0.4375 0.47578125 0.1359375 0.11015625
2 0.36171875 0.553125 0.153125 0.1203125
2 0.54296875 0.82421875 0.09140625 0.07734375
2 0.5734375 0.7 0.14296875 0.109375
2 0.6265625 0.7578125 0.109375 0.0875
0 0.7171875 0.678125 0.13046875 0.1
0 0.73125 0.5796875 0.13203125 0.10078125
2 0.725 0.09375 0.06875 0.059375
1 0.85234375 0.303125 0.04140625 0.0296875
2 0.7875 0.04765625 0.071875 0.0609375
2 0.6984375 0.02578125 0.0765625 0.05078125
2 0.79375 0.2140625 0.05234375 0.04140625
0 0.6171875 0.98359375 0.05078125 0.03203125