2 0.96171875 0.115625 0.0765625 0.12734375
2 0.9734375 0.41640625 0.053125 0.0875
2 0.8671875 0.23671875 0.0875 0.06484375
2 0.80390625 0.36796875 0.10390625 0.0765625
2 0.6453125 0.59921875 0.2890625 0.2171875
0 0.4875 0.396875 0.19375 0.1359375
2 0.27734375 0.753125 0.14921875 0.1203125
1 0.10703125 0.4234375 0.21171875 0.16875
2 0.184375 0.5234375 0.14765625 0.10390625
2 0.08359375 0.57109375 0.16640625 0.140625
2 0.0796875 0.97265625 0.1578125 0.05234375
2 0.065625 0.86328125 0.1125 0.10390625
2 0.4375 0.525 0.09765625 0.07734375