2 0.91484375 0.2015625 0.16796875 0.1453125
2 0.69765625 0.234375 0.16953125 0.1390625
1 0.51875 0.2328125 0.17734375 0.134375
1 0.5375 0.353125 0.16640625 0.1171875
1 0.3328125 0.4 0.1734375 0.14609375
2 0.66015625 0.43125 0.13359375 0.10234375
2 0.759375 0.3484375 0.11953125 0.1125
0 0.3828125 0.57578125 0.16171875 0.1296875
2 0.62578125 0.58828125 0.12421875 0.090625
2 0.36015625 0.64375 0.125 0.08359375
2 0.48828125 0.65625 0.0921875 0.0671875
2 0.4265625 0.69453125 0.109375 0.0890625
2 0.459375 0.746875 0.084375 0.0640625
2 0.4890625 0.78515625 0.0765625 0.0546875
1 0.86328125 0.78125 0.0625 0.04765625
1 0.903125 0.7953125 0.053125 0.040625
0 0.83203125 0.81015625 0.0546875 0.0375
0 0.84765625 0.83125 0.0578125 0.0484375