5 0.3875 0.08359375 0.0640625 0.06171875
5 0.9796875 0.1125 0.03828125 0.0859375
5 0.396875 0.240625 0.146875 0.12265625
5 0.2265625 0.253125 0.19921875 0.1453125
5 0.28359375 0.56328125 0.1140625 0.0828125
5 0.175 0.57890625 0.11015625 0.0765625
5 0.23359375 0.6296875 0.10546875 0.07890625
3 0.1828125 0.8078125 0.08046875 0.065625
4 0.94375 0.80625 0.0875 0.0640625
5 0.39609375 0.74609375 0.08359375 0.06953125
5 0.4328125 0.7953125 0.11171875 0.09140625
5 0.55859375 0.83984375 0.04453125 0.02421875
5 0.54609375 0.81171875 0.0796875 0.0546875
5 0.4953125 0.7484375 0.1078125 0.08984375
5 0.815625 0.53671875 0.078125 0.0578125
5 0.62578125 0.575 0.09921875 0.0859375
5 0.71484375 0.6046875 0.14609375 0.10546875
5 0.8125 0.59296875 0.06640625 0.05859375
5 0.8640625 0.6109375 0.13359375 0.08515625