1 0.53203125 0.459375 0.17265625 0.11640625
1 0.43671875 0.334375 0.1265625 0.0890625
1 0.29453125 0.23203125 0.1375 0.10234375
0 0.240625 0.275 0.0984375 0.07734375
0 0.8703125 0.459375 0.1828125 0.12890625
2 0.91328125 0.62578125 0.171875 0.125
2 0.834375 0.74609375 0.15703125 0.12109375
2 0.6796875 0.7 0.14140625 0.11484375
2 0.63046875 0.5828125 0.15078125 0.1046875
2 0.5203125 0.515625 0.1234375 0.04453125
2 0.546875 0.3625 0.12421875 0.0921875
2 0.41171875 0.4234375 0.115625 0.0765625
2 0.38203125 0.5046875 0.103125 0.071875
2 0.45234375 0.5859375 0.11171875 0.08515625
2 0.38828125 0.5796875 0.05390625 0.065625
2 0.10703125 0.4265625 0.07421875 0.065625
2 0.1578125 0.440625 0.11953125 0.08046875
2 0.15625 0.35546875 0.07578125 0.071875
2 0.2234375 0.34921875 0.12890625 0.08671875