2 0.96640625 0.08046875 0.06640625 0.06875
0 0.88984375 0.059375 0.103125 0.0828125
2 0.9140625 0.1828125 0.090625 0.0671875
2 0.946875 0.26328125 0.07265625 0.05
2 0.9578125 0.31640625 0.06015625 0.0390625
2 0.759375 0.1734375 0.08671875 0.065625
2 0.73359375 0.075 0.08828125 0.0671875
2 0.653125 0.12265625 0.07109375 0.06171875
2 0.68046875 0.2296875 0.0765625 0.05625
2 0.5953125 0.190625 0.06015625 0.04765625
0 0.53828125 0.03359375 0.06484375 0.05546875
2 0.61171875 0.27109375 0.0515625 0.04453125
2 0.49375 0.14765625 0.1984375 0.16171875
1 0.759375 0.3890625 0.05390625 0.0390625
0 0.37421875 0.14296875 0.0546875 0.0546875
2 0.33203125 0.18671875 0.059375 0.04609375
0 0.25703125 0.15 0.065625 0.046875
2 0.23046875 0.2109375 0.05703125 0.04375
2 0.3640625 0.27890625 0.18046875 0.14375
2 0.4484375 0.384375 0.16328125 0.125
2 0.35546875 0.4125 0.1359375 0.11171875
2 0.32890625 0.49921875 0.09921875 0.08046875
2 0.34140625 0.57109375 0.0734375 0.0515625
2 0.26875 0.53984375 0.09140625 0.07109375
2 0.28828125 0.58828125 0.0515625 0.03671875
2 0.253125 0.58359375 0.025 0.0234375
2 0.24453125 0.503125 0.0234375 0.01953125
2 0.203125 0.54453125 0.028125 0.02265625
2 0.196875 0.5921875 0.025 0.01953125
2 0.38125 0.646875 0.065625 0.040625
2 0.5515625 0.55234375 0.1609375 0.115625
2 0.61953125 0.52890625 0.103125 0.09375
2 0.66640625 0.62578125 0.1296875 0.09140625
2 0.7359375 0.67890625 0.0484375 0.03359375
2 0.8453125 0.753125 0.05078125 0.040625
2 0.96640625 0.62421875 0.06484375 0.04453125
2 0.61875 0.0265625 0.06171875 0.05
2 0.67734375 0.05 0.0453125 0.0375