1 0.0484375 0.60625 0.09609375 0.10703125
1 0.5828125 0.596875 0.0859375 0.0703125
1 0.653125 0.59296875 0.07734375 0.071875
1 0.7421875 0.67578125 0.11953125 0.08515625
1 0.77109375 0.715625 0.09765625 0.065625
2 0.840625 0.7234375 0.07578125 0.05625
2 0.79765625 0.6109375 0.0828125 0.059375
1 0.2265625 0.2921875 0.0359375 0.03359375
0 0.246875 0.275 0.03203125 0.03125
2 0.3234375 0.028125 0.1125 0.05546875
2 0.32578125 0.09609375 0.10234375 0.07421875
2 0.4671875 0.0265625 0.1015625 0.0515625
0 0.49609375 0.01640625 0.1 0.03125
0 0.6546875 0.040625 0.1109375 0.08046875
0 0.6109375 0.10859375 0.10859375 0.0953125
2 0.459375 0.178125 0.07890625 0.08046875
2 0.528125 0.20078125 0.07109375 0.071875
2 0.56640625 0.1875 0.0765625 0.0890625
0 0.77890625 0.021875 0.10234375 0.04375
2 0.6953125 0.1015625 0.0875 0.09453125
2 0.84453125 0.04609375 0.09453125 0.09140625
2 0.73671875 0.13125 0.07890625 0.0859375
2 0.86640625 0.1203125 0.08828125 0.08046875
2 0.92890625 0.175 0.0640625 0.0640625
2 0.88359375 0.1859375 0.04765625 0.06640625
2 0.7953125 0.18984375 0.059375 0.0578125
2 0.94375 0.19609375 0.05546875 0.0484375
2 0.884375 0.2359375 0.0578125 0.0515625
2 0.815625 0.2328125 0.04375 0.046875
1 0.91484375 0.090625 0.03125 0.02734375
1 0.1515625 0.21171875 0.0296875 0.02109375