1 0.6171875 0.215625 0.1015625 0.09609375
1 0.41796875 0.2578125 0.146875 0.10703125
1 0.49296875 0.36875 0.10234375 0.07265625
1 0.4265625 0.50234375 0.221875 0.16953125
1 0.25 0.4921875 0.1609375 0.128125
0 0.64921875 0.3640625 0.06015625 0.07421875
1 0.57734375 0.5390625 0.12421875 0.1015625
0 0.515625 0.65078125 0.20625 0.15703125
0 0.6734375 0.715625 0.15234375 0.10078125
2 0.97265625 0.728125 0.0546875 0.08359375
2 0.846875 0.6078125 0.146875 0.0921875
2 0.96796875 0.9734375 0.06015625 0.05078125
2 0.74921875 0.86015625 0.15390625 0.10859375
2 0.521875 0.8140625 0.13046875 0.090625
2 0.47109375 0.9125 0.18515625 0.14609375
2 0.35234375 0.91953125 0.096875 0.1