0 0.63515625 0.2078125 0.1921875 0.159375
2 0.40390625 0.2828125 0.18984375 0.14921875
2 0.5484375 0.43515625 0.1828125 0.1390625
2 0.5703125 0.5 0.1375 0.08203125
2 0.33125 0.4375 0.1828125 0.13671875
2 0.48046875 0.60390625 0.1578125 0.1203125
2 0.33359375 0.621875 0.13828125 0.1015625
2 0.240625 0.71015625 0.1046875 0.0859375
2 0.48984375 0.725 0.12578125 0.0890625
2 0.46640625 0.81875 0.10390625 0.071875
2 0.3609375 0.78359375 0.11171875 0.07890625
2 0.378125 0.83125 0.084375 0.06328125
1 0.640625 0.9375 0.0625 0.05546875
1 0.73125 0.8265625 0.0515625 0.04296875
1 0.78203125 0.83984375 0.0515625 0.0421875
0 0.89453125 0.565625 0.08046875 0.04921875
1 0.97109375 0.53671875 0.0578125 0.0546875
1 0.9109375 0.4828125 0.071875 0.046875
2 0.9046875 0.6484375 0.06484375 0.03984375
2 0.9421875 0.57734375 0.06484375 0.04921875
2 0.88359375 0.68671875 0.05546875 0.03359375
2 0.8609375 0.584375 0.06640625 0.0421875
2 0.58671875 0.97734375 0.0515625 0.040625
2 0.87265625 0.7140625 0.04921875 0.03359375
1 0.978125 0.625 0.04296875 0.04453125
0 0.97734375 0.68046875 0.04375 0.0453125