2 0.90703125 0.04609375 0.0671875 0.05546875
2 0.89609375 0.12421875 0.0640625 0.04609375
2 0.915625 0.184375 0.05234375 0.0390625
2 0.9890625 0.13046875 0.021875 0.0453125
2 0.30390625 0.05078125 0.08203125 0.07109375
2 0.05390625 0.06015625 0.10703125 0.09140625
1 0.68203125 0.3515625 0.06640625 0.05078125
2 0.63828125 0.359375 0.0484375 0.0359375
2 0.56484375 0.3265625 0.04140625 0.0296875
2 0.553125 0.3953125 0.03203125 0.0265625
0 0.7578125 0.45 0.04609375 0.0421875
2 0.6296875 0.4515625 0.046875 0.03359375
0 0.53515625 0.46015625 0.096875 0.07109375
2 0.4015625 0.41796875 0.0859375 0.0625
0 0.40078125 0.4859375 0.09375 0.071875
0 0.3609375 0.45546875 0.05546875 0.05
2 0.27734375 0.5484375 0.0796875 0.059375
0 0.23515625 0.54609375 0.053125 0.05390625
0 0.37734375 0.553125 0.096875 0.07109375
2 0.27109375 0.59375 0.06875 0.04375
2 0.2515625 0.640625 0.053125 0.0421875
2 0.3921875 0.5921875 0.08203125 0.05390625
2 0.4109375 0.62109375 0.0640625 0.040625
2 0.403125 0.653125 0.03359375 0.02578125
2 0.3296875 0.65703125 0.0734375 0.059375
2 0.33203125 0.6921875 0.0671875 0.034375
2 0.50234375 0.4953125 0.078125 0.06015625
0 0.540625 0.628125 0.09765625 0.07578125
2 0.50390625 0.56796875 0.08046875 0.06171875
2 0.49140625 0.6375 0.04453125 0.04765625
2 0.4890625 0.6921875 0.0890625 0.065625
2 0.51796875 0.73203125 0.07421875 0.05234375
2 0.5671875 0.5421875 0.06875 0.05703125
2 0.63671875 0.56171875 0.08125 0.06484375
2 0.63203125 0.625 0.07578125 0.0609375
2 0.6734375 0.67734375 0.06015625 0.05
0 0.66796875 0.58359375 0.07109375 0.0578125
0 0.63359375 0.50234375 0.06171875 0.0515625
2 0.72109375 0.484375 0.03984375 0.02890625