0 0.1828125 0.60625 0.12890625 0.09453125
2 0.3125 0.603125 0.0671875 0.05546875
0 0.3234375 0.48203125 0.15390625 0.10859375
2 0.35859375 0.54453125 0.12734375 0.07890625
2 0.303125 0.42578125 0.0796875 0.04375
2 0.4203125 0.3703125 0.0890625 0.0609375
2 0.43515625 0.4703125 0.10859375 0.06328125
2 0.040625 0.86171875 0.071875 0.05
2 0.06015625 0.78828125 0.07578125 0.07265625
2 0.40390625 0.69453125 0.0671875 0.05625
2 0.459375 0.6734375 0.109375 0.07890625
2 0.52109375 0.52109375 0.0953125 0.06484375
2 0.584375 0.39140625 0.0625 0.04921875
2 0.70078125 0.45 0.12890625 0.0921875
2 0.71015625 0.56953125 0.0875 0.053125
2 0.6765625 0.6265625 0.05078125 0.0421875
2 0.7375 0.20859375 0.171875 0.1390625
2 0.95 0.39140625 0.09765625 0.07890625
2 0.89765625 0.34140625 0.1421875 0.10703125
2 0.07734375 0.96328125 0.07109375 0.04921875