0 0.97421875 0.890625 0.04921875 0.053125
2 0.4640625 0.96171875 0.034375 0.028125
2 0.48203125 0.984375 0.021875 0.01953125
0 0.52265625 0.97421875 0.04296875 0.0390625
1 0.68046875 0.68984375 0.05234375 0.03671875
0 0.74609375 0.66015625 0.0453125 0.034375
2 0.75078125 0.69140625 0.034375 0.02734375
2 0.7265625 0.7171875 0.0375 0.0234375
2 0.5296875 0.6640625 0.1125 0.07734375
0 0.5828125 0.71171875 0.02734375 0.021875
2 0.47109375 0.6796875 0.08203125 0.07421875
2 0.378125 0.6984375 0.10078125 0.075
1 0.5578125 0.70390625 0.0265625 0.0171875
2 0.3234375 0.65 0.1203125 0.08828125
2 0.54453125 0.5765625 0.1203125 0.09140625
2 0.3765625 0.565625 0.1390625 0.1046875
0 0.5390625 0.4578125 0.13671875 0.103125