5 0.371875 0.19609375 0.13671875 0.2
5 0.22890625 0.12734375 0.09140625 0.13046875
5 0.3 0.23203125 0.11328125 0.16171875
5 0.41328125 0.303125 0.11328125 0.134375
4 0.265625 0.5484375 0.153125 0.1734375
4 0.1609375 0.66015625 0.15390625 0.1984375
5 0.065625 0.60546875 0.071875 0.08203125
5 0.26796875 0.69921875 0.1046875 0.13828125
5 0.2328125 0.80546875 0.04609375 0.05625
5 0.8609375 0.76875 0.11484375 0.1390625
4 0.80234375 0.7140625 0.09375 0.178125
3 0.71484375 0.66875 0.08828125 0.13359375
3 0.7703125 0.57734375 0.1140625 0.134375
4 0.65 0.540625 0.0484375 0.05703125
3 0.04921875 0.67265625 0.0359375 0.0625
5 0.52734375 0.9890625 0.05546875 0.02109375