2 0.9359375 0.0640625 0.0890625 0.07421875
2 0.93828125 0.034375 0.12265625 0.06796875
0 0.28828125 0.171875 0.19375 0.16640625
0 0.4421875 0.321875 0.27578125 0.2109375
1 0.3328125 0.484375 0.19140625 0.1421875
2 0.33203125 0.36171875 0.15390625 0.1484375
2 0.5078125 0.534375 0.1875 0.14140625
2 0.565625 0.628125 0.153125 0.11015625
2 0.4640625 0.7546875 0.11015625 0.0890625
2 0.4359375 0.68984375 0.08203125 0.0671875
2 0.48359375 0.79921875 0.09609375 0.05703125
1 0.178125 0.7171875 0.075 0.04921875
1 0.17109375 0.9671875 0.10703125 0.0625
1 0.14140625 0.98984375 0.09453125 0.01875