1 0.621875 0.38828125 0.1765625 0.13203125
1 0.42265625 0.4140625 0.18828125 0.140625
1 0.66171875 0.51796875 0.20859375 0.15234375
1 0.453125 0.52578125 0.17734375 0.10703125
0 0.45859375 0.6234375 0.190625 0.14765625
0 0.634375 0.6078125 0.1515625 0.1015625
0 0.47421875 0.7390625 0.159375 0.11875
2 0.596875 0.7234375 0.13125 0.109375
2 0.6578125 0.79609375 0.1671875 0.1296875
2 0.57734375 0.85703125 0.13984375 0.1234375
1 0.05546875 0.08046875 0.109375 0.125
1 0.05546875 0.21171875 0.109375 0.1109375