2 0.28125 0.24453125 0.1203125 0.0921875
1 0.496875 0.2484375 0.14765625 0.11640625
1 0.49453125 0.365625 0.15390625 0.1515625
1 0.184375 0.3453125 0.20546875 0.15390625
1 0.8546875 0.478125 0.27265625 0.196875
1 0.18125 0.49453125 0.15 0.1234375
1 0.69921875 0.52265625 0.18203125 0.15390625
0 0.36015625 0.5453125 0.15 0.1171875
1 0.51015625 0.5859375 0.2078125 0.15390625
0 0.646875 0.61171875 0.165625 0.13125
2 0.2265625 0.62421875 0.15078125 0.1109375
2 0.49765625 0.7125 0.17109375 0.11796875
2 0.690625 0.73046875 0.15859375 0.13046875
0 0.07109375 0.73046875 0.0609375 0.05625
2 0.059375 0.7875 0.0890625 0.0671875