2 0.8125 0.390625 0.090625 0.06328125
2 0.7578125 0.446875 0.09453125 0.0640625
2 0.6421875 0.303125 0.06953125 0.08046875
2 0.57734375 0.27578125 0.1125 0.0875
2 0.4875 0.1890625 0.1109375 0.075
2 0.521875 0.30546875 0.1046875 0.08046875
2 0.4140625 0.25078125 0.09453125 0.08046875
2 0.40703125 0.3359375 0.09296875 0.0765625
2 0.36640625 0.359375 0.0546875 0.04140625
2 0.53671875 0.37734375 0.08203125 0.06484375
2 0.625 0.43046875 0.0671875 0.059375
2 0.575 0.45390625 0.08046875 0.05546875
2 0.55390625 0.53046875 0.0953125 0.06328125
2 0.30703125 0.38125 0.07265625 0.0546875
2 0.2640625 0.34296875 0.07421875 0.0609375
2 0.36640625 0.45859375 0.034375 0.03984375
2 0.12265625 0.221875 0.10390625 0.0703125
2 0.1390625 0.2890625 0.07421875 0.0515625
2 0.18203125 0.30703125 0.04296875 0.04296875
2 0.41796875 0.728125 0.07734375 0.0640625
2 0.4328125 0.653125 0.07734375 0.059375
2 0.071875 0.7546875 0.0578125 0.0421875
2 0.12734375 0.75859375 0.04453125 0.03359375
0 0.0171875 0.68359375 0.03359375 0.0484375
2 0.17890625 0.75703125 0.0515625 0.03515625
2 0.21953125 0.7703125 0.0421875 0.03046875
2 0.57578125 0.71796875 0.10078125 0.08359375
2 0.5203125 0.70234375 0.059375 0.05546875
2 0.5296875 0.63828125 0.078125 0.06171875
2 0.6046875 0.74765625 0.0546875 0.04453125
2 0.5 0.75234375 0.025 0.0203125
2 0.5796875 0.8515625 0.02890625 0.02421875
2 0.625 0.62890625 0.0921875 0.07109375
2 0.66171875 0.96171875 0.0625 0.04921875
2 0.81015625 0.815625 0.028125 0.02265625
2 0.7296875 0.71015625 0.08828125 0.07109375
2 0.5171875 0.8875 0.02734375 0.01875