1 0.35390625 0.5109375 0.1921875 0.14765625
0 0.15703125 0.5203125 0.12734375 0.09453125
2 0.2375 0.4328125 0.0734375 0.0640625
2 0.28203125 0.56796875 0.1046875 0.08359375
2 0.296875 0.67109375 0.16953125 0.13203125
2 0.075 0.625 0.13046875 0.09921875
2 0.1078125 0.715625 0.134375 0.10390625
2 0.3015625 0.75703125 0.13359375 0.0796875
2 0.3984375 0.8078125 0.1765625 0.1265625
2 0.30625 0.87578125 0.13125 0.10390625
0 0.421875 0.5671875 0.11171875 0.0921875
2 0.371875 0.42265625 0.10390625 0.05546875
2 0.46875 0.35859375 0.10703125 0.0796875
0 0.46328125 0.496875 0.0609375 0.0703125
0 0.6703125 0.43125 0.1125 0.08125
2 0.5265625 0.409375 0.078125 0.05859375
2 0.6765625 0.48046875 0.08515625 0.05234375
0 0.734375 0.5375 0.14765625 0.10703125
2 0.7015625 0.57578125 0.11953125 0.08671875
2 0.7546875 0.84375 0.09375 0.0625
2 0.4203125 0.98671875 0.12578125 0.0265625