5 0.24375 0.303125 0.1109375 0.1046875
5 0.3140625 0.30703125 0.05 0.040625
5 0.25546875 0.35703125 0.0671875 0.02890625
5 0.3453125 0.3578125 0.12265625 0.08984375
5 0.33984375 0.24921875 0.05 0.03828125
3 0.38671875 0.47421875 0.06640625 0.05625
5 0.26875 0.6703125 0.13203125 0.1109375
5 0.14453125 0.67734375 0.1203125 0.0984375
5 0.2265625 0.8109375 0.04921875 0.0421875
3 0.17890625 0.83515625 0.078125 0.05859375
5 0.39296875 0.8828125 0.08984375 0.0609375
5 0.43515625 0.8359375 0.14296875 0.1171875
5 0.4796875 0.77578125 0.1171875 0.0859375
3 0.56015625 0.82578125 0.103125 0.1015625
3 0.3484375 0.828125 0.059375 0.06875
5 0.66484375 0.37109375 0.16484375 0.1546875
5 0.8171875 0.3484375 0.1734375 0.1375
5 0.88359375 0.39140625 0.14296875 0.11328125
5 0.6828125 0.4625 0.07890625 0.0375
5 0.78828125 0.46328125 0.15 0.096875
5 0.5734375 0.32734375 0.0578125 0.04609375
5 0.53984375 0.30234375 0.053125 0.0421875