0 0.76484375 0.28671875 0.165625 0.14375
1 0.49609375 0.3046875 0.16640625 0.13046875
1 0.4390625 0.284375 0.1046875 0.1015625
1 0.303125 0.4484375 0.1640625 0.125
0 0.41875 0.38203125 0.12265625 0.09453125
0 0.0984375 0.3859375 0.175 0.12734375
2 0.21015625 0.40625 0.10078125 0.0890625
2 0.13984375 0.47265625 0.11171875 0.071875
2 0.85546875 0.3859375 0.16484375 0.12265625
0 0.33359375 0.50625 0.10390625 0.0640625
2 0.67109375 0.4265625 0.12265625 0.09375
2 0.26484375 0.55546875 0.13671875 0.103125
2 0.215625 0.57890625 0.12578125 0.09140625
2 0.3296875 0.628125 0.096875 0.07890625
2 0.24296875 0.6390625 0.10703125 0.06328125
2 0.7203125 0.5953125 0.14453125 0.1046875
2 0.68515625 0.62890625 0.10234375 0.07265625
2 0.87109375 0.6296875 0.13359375 0.1
2 0.20859375 0.8140625 0.05859375 0.059375
1 0.26484375 0.81328125 0.0875 0.06875
2 0.01640625 0.3609375 0.0328125 0.09140625
2 0.015625 0.53046875 0.03125 0.071875
0 0.2234375 0.47265625 0.0796875 0.053125