1 0.52109375 0.4234375 0.13125 0.0953125
1 0.22421875 0.46328125 0.14453125 0.10234375
2 0.4234375 0.603125 0.1140625 0.09296875
2 0.47578125 0.7359375 0.09609375 0.0703125
2 0.49296875 0.7796875 0.07578125 0.05234375
2 0.44296875 0.81015625 0.06953125 0.0578125
2 0.38203125 0.7515625 0.10234375 0.084375
2 0.384375 0.825 0.08125 0.07109375
2 0.2921875 0.73515625 0.09375 0.06796875
2 0.275 0.79921875 0.08515625 0.071875
2 0.21484375 0.7125 0.1125 0.0921875
2 0.1734375 0.74375 0.10078125 0.07578125
2 0.1734375 0.79921875 0.0875 0.06015625