2 0.64453125 0.4546875 0.1046875 0.07265625
2 0.52578125 0.4375 0.1109375 0.084375
2 0.5046875 0.525 0.09765625 0.0703125
2 0.590625 0.584375 0.06640625 0.0515625
2 0.4921875 0.5984375 0.08515625 0.06328125
2 0.5890625 0.64296875 0.06953125 0.05546875
2 0.51015625 0.65546875 0.084375 0.0640625
2 0.5234375 0.7015625 0.07109375 0.0484375
2 0.575 0.69765625 0.046875 0.04375
0 0.46875 0.76015625 0.03203125 0.02421875
1 0.4390625 0.76484375 0.03203125 0.025
1 0.41328125 0.8421875 0.02578125 0.01953125
1 0.428125 0.8796875 0.02890625 0.01875
2 0.3515625 0.7171875 0.034375 0.0265625
2 0.65625 0.66015625 0.0265625 0.0203125
2 0.634375 0.68125 0.02421875 0.01640625
2 0.621875 0.67890625 0.02265625 0.0171875
2 0.61875 0.696875 0.01953125 0.0171875
2 0.6609375 0.67734375 0.025 0.01796875
2 0.67265625 0.6921875 0.0234375 0.01796875
2 0.67890625 0.71015625 0.01953125 0.015625
2 0.65 0.7078125 0.01796875 0.0125
2 0.6671875 0.72421875 0.01875 0.01484375
2 0.73359375 0.72265625 0.01484375 0.0140625
2 0.703125 0.7140625 0.01796875 0.0125
1 0.8296875 0.87109375 0.021875 0.01875
2 0.80546875 0.87421875 0.01796875 0.0140625
2 0.78359375 0.7265625 0.02421875 0.01484375
0 0.8609375 0.85625 0.01953125 0.01484375