1 0.51875 0.553125 0.17265625 0.12265625
1 0.515625 0.35546875 0.11171875 0.08125
0 0.45625 0.575 0.10859375 0.09609375
2 0.3671875 0.31796875 0.12421875 0.10078125
2 0.50859375 0.434375 0.11484375 0.078125
2 0.34453125 0.421875 0.10703125 0.07578125
2 0.40625 0.4734375 0.09140625 0.0703125
2 0.38984375 0.553125 0.09296875 0.07421875
2 0.44921875 0.634375 0.09609375 0.06328125
2 0.503125 0.690625 0.15625 0.12734375
2 0.52265625 0.790625 0.12734375 0.090625
2 0.63359375 0.62265625 0.109375 0.08046875
2 0.64453125 0.6921875 0.09375 0.07109375
2 0.7359375 0.6921875 0.10234375 0.0765625
2 0.72578125 0.5 0.10703125 0.08046875
2 0.8234375 0.4421875 0.178125 0.128125