2 0.19921875 0.05 0.13671875 0.0984375
2 0.12109375 0.04453125 0.06328125 0.08828125
2 0.05234375 0.02578125 0.1046875 0.0515625
1 0.58671875 0.209375 0.1515625 0.1484375
1 0.39765625 0.28828125 0.1796875 0.14140625
1 0.54375 0.38203125 0.203125 0.16015625
1 0.3984375 0.49921875 0.21484375 0.15625
1 0.578125 0.546875 0.1875 0.1390625
1 0.05078125 0.56875 0.09453125 0.065625
0 0.0671875 0.59140625 0.0875 0.05234375
2 0.39296875 0.659375 0.16796875 0.13203125
2 0.5171875 0.775 0.11953125 0.0984375
2 0.40703125 0.80625 0.15 0.121875