2 0.78984375 0.434375 0.1296875 0.09609375
2 0.790625 0.50234375 0.05703125 0.04296875
2 0.7671875 0.5578125 0.0609375 0.04609375
2 0.6328125 0.44140625 0.1515625 0.11953125
2 0.66171875 0.52734375 0.115625 0.08125
2 0.678125 0.56953125 0.06796875 0.040625
2 0.47265625 0.2296875 0.19609375 0.159375
2 0.14296875 0.1546875 0.0859375 0.06796875
2 0.03125 0.07109375 0.0625 0.1015625
2 0.0453125 0.2953125 0.0671875 0.05390625
2 0.02109375 0.346875 0.040625 0.05078125
2 0.04609375 0.24375 0.07109375 0.059375
1 0.175 0.49296875 0.1875 0.12421875
2 0.49609375 0.45859375 0.1359375 0.0984375
2 0.403125 0.51796875 0.1296875 0.0984375
2 0.3234375 0.6046875 0.071875 0.05390625
2 0.30390625 0.64921875 0.06171875 0.04453125
2 0.25703125 0.63046875 0.08671875 0.06328125
2 0.2671875 0.675 0.040625 0.02890625
2 0.221875 0.6875 0.053125 0.0328125
2 0.19453125 0.6265625 0.0546875 0.046875
2 0.70546875 0.6453125 0.04375 0.0296875
2 0.68203125 0.6078125 0.046875 0.0359375
2 0.7828125 0.63984375 0.02734375 0.01796875
0 0.12109375 0.825 0.07421875 0.065625
2 0.10390625 0.87578125 0.0453125 0.04296875
2 0.11875 0.90859375 0.05703125 0.04375
2 0.06796875 0.95 0.05859375 0.046875
2 0.1453125 0.85234375 0.04296875 0.05234375