2 0.3015625 0.209375 0.103125 0.0921875
2 0.2890625 0.25625 0.07109375 0.0515625
2 0.4625 0.1828125 0.071875 0.0953125
2 0.54609375 0.17421875 0.1640625 0.13515625
2 0.61015625 0.2359375 0.06171875 0.05703125
1 0.68203125 0.1984375 0.12578125 0.10078125
2 0.54609375 0.24375 0.09140625 0.02890625
1 0.38515625 0.28515625 0.06484375 0.06953125
1 0.36484375 0.35625 0.07890625 0.07578125
2 0.32265625 0.396875 0.0578125 0.059375
2 0.5421875 0.29609375 0.1046875 0.08203125
2 0.57578125 0.31328125 0.06796875 0.05859375
2 0.53203125 0.39140625 0.0640625 0.05625
2 0.5796875 0.40703125 0.08359375 0.06640625
1 0.2453125 0.50078125 0.1109375 0.071875
2 0.2890625 0.55625 0.0734375 0.05546875
2 0.1328125 0.5609375 0.07734375 0.04921875
1 0.15859375 0.596875 0.1234375 0.0890625
1 0.21875 0.61640625 0.06875 0.06796875
2 0.3265625 0.6125 0.0640625 0.0453125
0 0.24453125 0.6734375 0.1015625 0.0703125
0 0.1375 0.6328125 0.10390625 0.06328125
2 0.12734375 0.6625 0.071875 0.0265625
2 0.3890625 0.64609375 0.08125 0.06171875
2 0.2203125 0.72109375 0.05 0.04140625
2 0.2265625 0.7453125 0.02890625 0.0171875
2 0.41875 0.71640625 0.07734375 0.0625
2 0.38828125 0.74765625 0.059375 0.046875
2 0.28828125 0.77421875 0.07109375 0.05546875
0 0.03046875 0.71640625 0.0609375 0.0453125
2 0.03984375 0.68515625 0.059375 0.0328125
2 0.03125 0.74140625 0.0515625 0.0296875
1 0.02421875 0.65546875 0.0484375 0.04375
2 0.34296875 0.8828125 0.04453125 0.0484375
2 0.18046875 0.28515625 0.05078125 0.034375
2 0.1515625 0.3046875 0.04375 0.03203125