5 0.6515625 0.2046875 0.05390625 0.0375
5 0.62109375 0.17578125 0.09375 0.07890625
5 0.6765625 0.11171875 0.09296875 0.1015625
5 0.6046875 0.06875 0.159375 0.1375
5 0.94140625 0.1453125 0.04765625 0.02890625
5 0.89453125 0.14140625 0.02421875 0.01796875
5 0.8828125 0.5546875 0.04453125 0.03359375
5 0.3796875 0.76640625 0.221875 0.1921875
5 0.23359375 0.84375 0.09375 0.06875
5 0.23515625 0.7640625 0.125 0.08984375
5 0.17265625 0.76015625 0.1359375 0.115625
5 0.8578125 0.165625 0.02421875 0.0171875