1 0.453125 0.40078125 0.103125 0.090625
1 0.2953125 0.3703125 0.0984375 0.0734375
0 0.19921875 0.328125 0.10546875 0.078125
0 0.2546875 0.49453125 0.10078125 0.07421875
2 0.42265625 0.33828125 0.08515625 0.04453125
2 0.31171875 0.43984375 0.06328125 0.04765625
2 0.36953125 0.5109375 0.09375 0.078125
2 0.2984375 0.55234375 0.071875 0.0546875
0 0.54375 0.2734375 0.1203125 0.10078125
0 0.6875 0.359375 0.1140625 0.08125
0 0.71484375 0.26796875 0.11015625 0.06015625
2 0.7375 0.21015625 0.07734375 0.0640625
2 0.69296875 0.4125 0.0796875 0.04453125
2 0.72734375 0.43828125 0.05 0.03984375
2 0.5828125 0.38671875 0.084375 0.0640625
2 0.575 0.47265625 0.12890625 0.09765625
2 0.36796875 0.3203125 0.07578125 0.05078125
2 0.484375 0.5078125 0.08984375 0.0640625
2 0.4953125 0.58671875 0.08359375 0.05703125
2 0.83359375 0.4 0.065625 0.04609375
2 0.35390625 0.5984375 0.08125 0.028125
2 0.47265625 0.64609375 0.0953125 0.06953125
2 0.528125 0.71328125 0.0578125 0.04765625
2 0.38359375 0.73046875 0.0546875 0.046875
2 0.30625 0.7328125 0.0921875 0.0828125
2 0.29453125 0.7953125 0.0609375 0.05625
2 0.4765625 0.8640625 0.09296875 0.08515625
2 0.72109375 0.7515625 0.06015625 0.04453125
2 0.74921875 0.8328125 0.08828125 0.0765625
2 0.81875 0.68046875 0.103125 0.08046875