5 0.12265625 0.065625 0.07421875 0.10078125
5 0.78046875 0.04453125 0.0765625 0.05859375
5 0.38828125 0.33046875 0.15234375 0.09453125
5 0.42109375 0.38671875 0.16640625 0.11953125
3 0.7625 0.41640625 0.17265625 0.128125
5 0.71328125 0.47890625 0.1703125 0.1296875
5 0.175 0.42578125 0.09296875 0.09140625
5 0.0625 0.421875 0.125 0.084375
5 0.76953125 0.53359375 0.146875 0.10859375
5 0.359375 0.56953125 0.165625 0.11484375
3 0.21484375 0.6 0.12578125 0.11171875
3 0.1203125 0.62578125 0.0625 0.04375
5 0.28984375 0.62734375 0.1375 0.0953125
3 0.3453125 0.96875 0.0875 0.06171875
3 0.35625 0.91015625 0.075 0.059375