1 0.98359375 0.6046875 0.03125 0.0734375
1 0.23984375 0.25234375 0.14609375 0.12734375
0 0.3828125 0.3890625 0.1328125 0.09609375
0 0.3046875 0.4421875 0.11953125 0.0890625
0 0.48046875 0.4390625 0.10390625 0.08671875
2 0.4140625 0.4671875 0.1078125 0.06875
2 0.5828125 0.434375 0.12890625 0.09453125
2 0.13125 0.47421875 0.1390625 0.10703125
2 0.39296875 0.521875 0.09921875 0.07890625
2 0.5421875 0.521875 0.10546875 0.0703125
2 0.78671875 0.5234375 0.1 0.0796875
2 0.8 0.565625 0.04609375 0.04296875
2 0.56640625 0.58671875 0.1109375 0.08828125
2 0.67421875 0.63515625 0.10546875 0.090625
2 0.59609375 0.66875 0.090625 0.0828125
2 0.5515625 0.740625 0.07421875 0.06875
2 0.39765625 0.60703125 0.0921875 0.07890625
2 0.45859375 0.665625 0.0984375 0.0828125
2 0.30703125 0.5875 0.1015625 0.0875
2 0.28203125 0.64921875 0.12265625 0.09296875
2 0.1 0.6703125 0.1265625 0.0875