3 0.64609375 0.62421875 0.203125 0.1578125
4 0.48984375 0.575 0.17109375 0.1234375
5 0.246875 0.46875 0.04609375 0.03046875
4 0.23359375 0.43984375 0.06484375 0.0484375
5 0.20859375 0.365625 0.05390625 0.040625
4 0.2359375 0.33671875 0.0640625 0.04609375
5 0.17734375 0.2546875 0.07890625 0.07578125
5 0.12890625 0.275 0.06796875 0.05234375
4 0.9140625 0.3890625 0.134375 0.07578125
3 0.94296875 0.4328125 0.08359375 0.0578125
5 0.7 0.06328125 0.08046875 0.0609375
5 0.70859375 0.10625 0.07890625 0.059375
5 0.075 0.16015625 0.04296875 0.03203125
5 0.046875 0.0578125 0.05546875 0.04140625
5 0.04296875 0.17265625 0.053125 0.0359375
5 0.20625 0.03046875 0.05546875 0.04921875