1 0.28359375 0.60625 0.1515625 0.1140625
0 0.12578125 0.63984375 0.14765625 0.10546875
2 0.24921875 0.709375 0.13828125 0.1140625
2 0.375 0.71171875 0.1234375 0.109375
1 0.50078125 0.696875 0.13671875 0.1140625
2 0.6046875 0.72734375 0.090625 0.07734375
2 0.659375 0.6984375 0.1046875 0.0921875
2 0.58671875 0.61875 0.12890625 0.09765625
1 0.60703125 0.5125 0.13203125 0.1125
1 0.64375 0.36171875 0.16796875 0.12421875
2 0.70234375 0.53515625 0.11328125 0.075
1 0.7203125 0.60390625 0.14375 0.11171875
2 0.90546875 0.684375 0.04609375 0.04140625
1 0.93359375 0.73203125 0.05234375 0.03515625
1 0.9140625 0.746875 0.05703125 0.0453125
1 0.98046875 0.72109375 0.03828125 0.04609375
0 0.9890625 0.75625 0.021875 0.0453125
2 0.95234375 0.76953125 0.05625 0.04140625
2 0.97578125 0.8203125 0.04765625 0.046875
1 0.40859375 0.31015625 0.03984375 0.0375
1 0.19375 0.85 0.03203125 0.03046875
0 0.1703125 0.85546875 0.0328125 0.0296875
2 0.21015625 0.7859375 0.0234375 0.02109375
2 0.19140625 0.7859375 0.02265625 0.021875