0 0.4390625 0.47109375 0.27265625 0.19609375
2 0.25546875 0.84375 0.2453125 0.19296875
2 0.11328125 0.92578125 0.2234375 0.14609375
2 0.87734375 0.06171875 0.10078125 0.07890625
2 0.6875 0.0640625 0.10078125 0.08203125
0 0.771875 0.49453125 0.09921875 0.071875
2 0.6984375 0.15 0.06875 0.05546875
2 0.66171875 0.22421875 0.0671875 0.05859375
2 0.8 0.0140625 0.10078125 0.028125
2 0.96015625 0.0625 0.0734375 0.06171875
2 0.8203125 0.5859375 0.09609375 0.06328125
2 0.96015625 0.571875 0.07578125 0.053125