1 0.19296875 0.71328125 0.0421875 0.03125
2 0.21484375 0.73671875 0.03671875 0.03125
2 0.2609375 0.7078125 0.06015625 0.05078125
2 0.3234375 0.7078125 0.06640625 0.05703125
2 0.3578125 0.66640625 0.07578125 0.0578125
2 0.24375 0.665625 0.078125 0.05
2 0.2578125 0.6140625 0.0875 0.06015625
2 0.3921875 0.59765625 0.0828125 0.05859375
1 0.2796875 0.546875 0.08984375 0.0671875
1 0.40859375 0.5140625 0.0828125 0.0609375
2 0.7 0.8375 0.09921875 0.0796875
2 0.78046875 0.7875 0.11484375 0.09375
2 0.6390625 0.7734375 0.1015625 0.0828125
2 0.78046875 0.72890625 0.05 0.02890625
2 0.60234375 0.68828125 0.10234375 0.0734375
2 0.7734375 0.6546875 0.1515625 0.1234375
2 0.5828125 0.5953125 0.13515625 0.09921875
2 0.5109375 0.5640625 0.08515625 0.0671875
2 0.84375 0.55390625 0.15 0.10625
2 0.88515625 0.4109375 0.22890625 0.15390625
2 0.56796875 0.45625 0.17578125 0.1203125
2 0.66171875 0.27890625 0.1765625 0.14921875
2 0.265625 0.28359375 0.04453125 0.03046875
2 0.259375 0.24921875 0.0421875 0.0359375
2 0.275 0.20546875 0.03828125 0.04140625
2 0.2625 0.19296875 0.053125 0.0421875
2 0.275 0.15546875 0.04921875 0.04921875
2 0.24140625 0.109375 0.0625 0.05
2 0.35859375 0.1765625 0.04765625 0.0453125
2 0.37578125 0.2375 0.04765625 0.03359375
2 0.34296875 0.2625 0.040625 0.02890625
2 0.3875 0.26875 0.0421875 0.03046875
2 0.39609375 0.2984375 0.025 0.02109375
2 0.37734375 0.31171875 0.03203125 0.02578125
2 0.33828125 0.2203125 0.04296875 0.03828125
2 0.27890625 0.25 0.01640625 0.02578125
2 0.5421875 0.6265625 0.07421875 0.0578125
2 0.8203125 0.5171875 0.1921875 0.09140625
2 0.7359375 0.4890625 0.13203125 0.09765625
2 0.321875 0.315625 0.02578125 0.0296875
2 0.228125 0.49765625 0.02734375 0.021875
0 0.26484375 0.478125 0.0234375 0.02109375
1 0.3421875 0.46796875 0.0234375 0.01875
2 0.85234375 0.6609375 0.040625 0.05390625
2 0.93046875 0.50703125 0.0609375 0.0703125