2 0.93828125 0.2 0.12109375 0.16875
2 0.81328125 0.2109375 0.15703125 0.13203125
1 0.6046875 0.21328125 0.09453125 0.04375
1 0.63515625 0.32265625 0.26484375 0.20625
2 0.5640625 0.415625 0.14453125 0.09921875
2 0.75546875 0.42265625 0.12578125 0.09765625
2 0.89296875 0.43125 0.17265625 0.121875
2 0.63125 0.490625 0.15859375 0.115625
2 0.85234375 0.5359375 0.1390625 0.09765625
2 0.73671875 0.546875 0.1015625 0.07734375
2 0.7921875 0.62578125 0.07890625 0.05859375
2 0.73828125 0.62890625 0.05 0.04296875
2 0.5890625 0.79296875 0.09453125 0.0671875
2 0.5703125 0.73046875 0.12109375 0.09140625
2 0.45 0.79375 0.06171875 0.0484375
2 0.44609375 0.68671875 0.09921875 0.0734375
2 0.578125 0.56953125 0.10703125 0.09921875
2 0.4625 0.58203125 0.175 0.13359375
2 0.28046875 0.54765625 0.17734375 0.13359375
2 0.36875 0.57578125 0.06640625 0.0796875
1 0.19609375 0.59765625 0.11015625 0.0828125
2 0.2421875 0.66640625 0.1046875 0.084375
2 0.27421875 0.63984375 0.0890625 0.06796875
2 0.325 0.678125 0.040625 0.03515625
2 0.3609375 0.6984375 0.0703125 0.0546875
2 0.2921875 0.721875 0.08203125 0.06015625
2 0.31171875 0.74609375 0.06484375 0.04453125
0 0.03671875 0.5484375 0.07265625 0.0578125
0 0.04375 0.59921875 0.08046875 0.05390625
1 0.41953125 0.4 0.08046875 0.0578125
2 0.46640625 0.4328125 0.06015625 0.04765625
2 0.69296875 0.61015625 0.01796875 0.01484375