5 0.24453125 0.36953125 0.115625 0.07890625
4 0.02265625 0.7046875 0.0453125 0.0375
3 0.06015625 0.6828125 0.04921875 0.034375
4 0.28046875 0.60234375 0.11875 0.09140625
5 0.2546875 0.65 0.090625 0.06328125
5 0.2796875 0.7953125 0.07734375 0.0578125
3 0.4171875 0.79765625 0.16875 0.13046875
3 0.5671875 0.80234375 0.1421875 0.1140625
3 0.4890625 0.89921875 0.16015625 0.13359375
5 0.33671875 0.93515625 0.06640625 0.05078125
5 0.85234375 0.16953125 0.20078125 0.15
5 0.684375 0.28828125 0.11015625 0.140625
5 0.5734375 0.30078125 0.0421875 0.09375
5 0.78359375 0.30234375 0.0734375 0.0453125
3 0.3171875 0.596875 0.07578125 0.0921875
5 0.04453125 0.45703125 0.06328125 0.04140625
5 0.05859375 0.43125 0.04296875 0.0375