1 0.10546875 0.26015625 0.0515625 0.03984375
1 0.0140625 0.26875 0.02734375 0.0359375
0 0.06328125 0.30703125 0.0453125 0.03046875
1 0.02578125 0.375 0.046875 0.03671875
0 0.15703125 0.315625 0.04375 0.0328125
2 0.19140625 0.34296875 0.01875 0.01640625
2 0.1640625 0.34375 0.0375 0.028125
2 0.12421875 0.36171875 0.03203125 0.0234375
2 0.04296875 0.39765625 0.04453125 0.03125
2 0.02265625 0.41796875 0.04296875 0.03046875
2 0.05390625 0.4328125 0.034375 0.0234375
2 0.03125 0.46796875 0.03984375 0.02578125
0 0.759375 0.65234375 0.0671875 0.046875
0 0.73203125 0.54921875 0.0625 0.0375
0 0.71171875 0.64296875 0.0453125 0.040625
0 0.72265625 0.68828125 0.0546875 0.0421875
2 0.684375 0.69375 0.04453125 0.0390625
2 0.74296875 0.72890625 0.0453125 0.0265625
2 0.7203125 0.7609375 0.0484375 0.0265625
2 0.675 0.7546875 0.040625 0.0328125
2 0.81875 0.77578125 0.04296875 0.0203125
2 0.9 0.94140625 0.034375 0.03828125
1 0.87265625 0.9359375 0.05078125 0.04140625
2 0.8359375 0.9125 0.0453125 0.0375
2 0.81796875 0.8890625 0.04375 0.0265625
2 0.796875 0.9125 0.04375 0.0375
2 0.79609375 0.98046875 0.046875 0.03828125
2 0.5109375 0.828125 0.0453125 0.03515625
0 0.5328125 0.803125 0.0484375 0.04140625
0 0.521875 0.76875 0.053125 0.04765625
0 0.46328125 0.8328125 0.05625 0.04375
2 0.453125 0.8640625 0.05 0.040625
1 0.2765625 0.80390625 0.03359375 0.02890625
1 0.27109375 0.7515625 0.0328125 0.0265625
1 0.27734375 0.76484375 0.02890625 0.02265625
0 0.25 0.825 0.0375 0.02890625
0 0.22421875 0.76640625 0.0328125 0.025
0 0.25859375 0.70859375 0.03671875 0.02578125
2 0.3359375 0.77421875 0.034375 0.025
2 0.31015625 0.77734375 0.0328125 0.0265625
2 0.24453125 0.80546875 0.03125 0.01953125