1 0.7015625 0.2671875 0.13203125 0.1140625
1 0.6109375 0.2359375 0.12265625 0.09609375
1 0.61640625 0.32734375 0.11171875 0.0953125
0 0.74921875 0.35 0.12734375 0.1
1 0.59140625 0.37421875 0.11640625 0.1046875
2 0.75078125 0.4484375 0.12109375 0.09453125
2 0.609375 0.47734375 0.10859375 0.0859375
2 0.7359375 0.53515625 0.10234375 0.08203125
1 0.3375 0.39453125 0.1 0.078125
1 0.19140625 0.40546875 0.12421875 0.09609375
0 0.3734375 0.46015625 0.09453125 0.06875
0 0.2640625 0.46796875 0.1 0.08125
0 0.346875 0.50859375 0.10234375 0.08203125
1 0.04453125 0.3765625 0.0328125 0.0203125
1 0.05625 0.39375 0.02890625 0.01953125
1 0.89453125 0.31875 0.0390625 0.03125
1 0.88671875 0.3 0.03515625 0.02421875
0 0.8390625 0.33203125 0.03046875 0.028125
2 0.83359375 0.35390625 0.03203125 0.02421875
0 0.896875 0.34140625 0.03671875 0.02421875
1 0.6296875 0.8109375 0.06875 0.06484375
1 0.5703125 0.81171875 0.0515625 0.03203125
2 0.5890625 0.79453125 0.04453125 0.03359375
1 0.66640625 0.91875 0.0859375 0.06796875
1 0.65703125 0.95 0.07421875 0.05859375
1 0.7171875 0.98671875 0.08828125 0.0265625
2 0.31640625 0.24140625 0.03046875 0.0234375
2 0.33203125 0.2546875 0.02734375 0.0203125
2 0.3484375 0.26796875 0.0234375 0.01875
2 0.30078125 0.25546875 0.025 0.01484375