1 0.4703125 0.3671875 0.10546875 0.07421875
1 0.4921875 0.43359375 0.08828125 0.0671875
0 0.41796875 0.43515625 0.08046875 0.0640625
1 0.3859375 0.3828125 0.090625 0.07109375
0 0.55078125 0.34453125 0.05390625 0.034375
0 0.51171875 0.2375 0.05 0.03984375
2 0.534375 0.37890625 0.046875 0.0359375
0 0.34296875 0.4484375 0.08359375 0.05859375
2 0.3375 0.48671875 0.0828125 0.04609375
0 0.4140625 0.490625 0.07578125 0.05390625
2 0.36328125 0.5296875 0.04765625 0.05078125
2 0.31953125 0.5203125 0.053125 0.0484375
2 0.39453125 0.53828125 0.0765625 0.05859375
2 0.29765625 0.56640625 0.04609375 0.0484375
2 0.33984375 0.57890625 0.07421875 0.053125
0 0.4671875 0.52890625 0.08203125 0.0625
2 0.5203125 0.48515625 0.0796875 0.05703125
2 0.5875 0.50390625 0.06796875 0.05234375
2 0.590625 0.54921875 0.06875 0.046875
2 0.53046875 0.5625 0.0734375 0.0578125
1 0.6859375 0.46953125 0.071875 0.05
1 0.68359375 0.51796875 0.0765625 0.05078125
0 0.7375 0.5171875 0.0390625 0.04140625
2 0.72109375 0.55234375 0.05234375 0.03828125
0 0.68125 0.54140625 0.06875 0.03046875
1 0.5796875 0.64375 0.04453125 0.0390625
1 0.58046875 0.67734375 0.0578125 0.04140625
0 0.57734375 0.715625 0.0546875 0.040625
0 0.53984375 0.74453125 0.05625 0.04296875
0 0.53359375 0.715625 0.0390625 0.0296875
1 0.73984375 0.86953125 0.053125 0.04296875
1 0.68828125 0.85546875 0.0375 0.0359375
1 0.68203125 0.840625 0.046875 0.034375