1 0.3796875 0.5140625 0.10390625 0.09375
1 0.26171875 0.521875 0.14140625 0.10546875
1 0.45078125 0.47734375 0.14453125 0.09921875
1 0.32734375 0.6328125 0.1109375 0.0890625
0 0.21640625 0.62890625 0.15390625 0.115625
0 0.696875 0.6140625 0.1515625 0.109375
0 0.60390625 0.63203125 0.10390625 0.08125
2 0.36640625 0.6671875 0.05078125 0.0546875
2 0.30078125 0.7078125 0.11328125 0.07890625
2 0.24765625 0.71484375 0.0609375 0.0625
2 0.5953125 0.678125 0.09609375 0.053125
2 0.70859375 0.70390625 0.11953125 0.084375
2 0.34375 0.5640625 0.11015625 0.06171875
0 0.05390625 0.134375 0.0625 0.046875
2 0.02890625 0.18125 0.0578125 0.04453125
2 0.0875 0.175 0.0546875 0.03828125
2 0.0625 0.21328125 0.0484375 0.0375
1 0.0359375 0.33046875 0.0375 0.028125