1 0.971875 0.90546875 0.05625 0.1
1 0.925 0.77578125 0.12421875 0.08984375
2 0.8828125 0.96640625 0.10078125 0.06484375
0 0.78984375 0.8875 0.10859375 0.08671875
2 0.7625 0.91953125 0.09140625 0.0671875
2 0.8125 0.9859375 0.0625 0.02734375
2 0.73125 0.97890625 0.07578125 0.040625
1 0.5734375 0.34453125 0.22890625 0.165625
1 0.64453125 0.18828125 0.2828125 0.221875
1 0.29921875 0.48203125 0.2203125 0.16015625
2 0.65703125 0.80234375 0.1203125 0.10078125
2 0.53203125 0.840625 0.13359375 0.10859375
2 0.4953125 0.66015625 0.15859375 0.12265625
2 0.4328125 0.765625 0.15625 0.12265625
2 0.40078125 0.84453125 0.109375 0.06875
2 0.32890625 0.80234375 0.109375 0.05546875
2 0.31640625 0.73203125 0.13125 0.10390625
1 0.175 0.88359375 0.08828125 0.06796875
0 0.1921875 0.94765625 0.08984375 0.075
1 0.37734375 0.8796875 0.06953125 0.05078125
1 0.2640625 0.89296875 0.07890625 0.05859375
1 0.278125 0.85390625 0.07109375 0.05703125
2 0.06328125 0.815625 0.06015625 0.04296875
2 0.02890625 0.7703125 0.05703125 0.05
0 0.35078125 0.94453125 0.07421875 0.0640625