0 0.6234375 0.40625 0.17890625 0.1203125
1 0.46875 0.15859375 0.20078125 0.16875
1 0.496875 0.3109375 0.171875 0.1390625
1 0.25625 0.49140625 0.16875 0.12578125
1 0.3703125 0.4234375 0.14921875 0.10859375
1 0.4375 0.525 0.16171875 0.11953125
1 0.509375 0.61484375 0.196875 0.14765625
2 0.4453125 0.70859375 0.15 0.1171875
2 0.43203125 0.82109375 0.14921875 0.115625
0 0.384375 0.65 0.09140625 0.078125
2 0.28203125 0.71171875 0.175 0.1328125
2 0.2046875 0.709375 0.0734375 0.10859375
2 0.30859375 0.81015625 0.1140625 0.09140625
2 0.3296875 0.8671875 0.0890625 0.0671875
2 0.23671875 0.83046875 0.11171875 0.1