0 0.67734375 0.440625 0.1265625 0.09921875
2 0.48515625 0.5203125 0.10234375 0.07890625
0 0.3265625 0.46015625 0.08203125 0.06015625
0 0.7578125 0.596875 0.15703125 0.1
2 0.7890625 0.69296875 0.10390625 0.0765625
2 0.51953125 0.66484375 0.1359375 0.11328125
2 0.3640625 0.6484375 0.11796875 0.09453125
0 0.3328125 0.5546875 0.1109375 0.0875
2 0.2828125 0.534375 0.09765625 0.07265625
2 0.4765625 0.81875 0.1109375 0.0890625
2 0.2796875 0.80625 0.10703125 0.07890625
2 0.45625 0.7296875 0.07578125 0.059375
2 0.0171875 0.28984375 0.03359375 0.06015625
2 0.015625 0.37421875 0.03046875 0.0515625