5 0.63828125 0.37890625 0.153125 0.1140625
5 0.52734375 0.2890625 0.16171875 0.12578125
5 0.50625 0.39296875 0.1953125 0.16171875
5 0.4140625 0.49453125 0.18359375 0.13828125
5 0.3125 0.3796875 0.20546875 0.14921875
5 0.26640625 0.4015625 0.0328125 0.02109375
5 0.4453125 0.646875 0.10390625 0.07109375
5 0.875 0.11640625 0.06015625 0.06484375
5 0.83828125 0.146875 0.08984375 0.06796875
5 0.88828125 0.05234375 0.07890625 0.065625
5 0.8421875 0.05703125 0.028125 0.0296875
4 0.38359375 0.6125 0.1421875 0.103125
4 0.26875 0.57890625 0.115625 0.08203125
3 0.3640625 0.55625 0.0984375 0.0546875
3 0.14609375 0.7796875 0.084375 0.05390625