0 0.415625 0.4703125 0.18125 0.13828125
0 0.54296875 0.56015625 0.21796875 0.14609375
1 0.2703125 0.690625 0.0703125 0.046875
2 0.34609375 0.66015625 0.11640625 0.090625
2 0.44296875 0.6515625 0.13046875 0.09140625
2 0.35546875 0.7234375 0.0515625 0.0421875
2 0.52109375 0.6984375 0.0515625 0.03359375
2 0.4625 0.71796875 0.11640625 0.04921875
2 0.571875 0.75078125 0.07578125 0.05390625
2 0.63515625 0.81875 0.05390625 0.03984375
2 0.31171875 0.74453125 0.0515625 0.046875
2 0.52109375 0.790625 0.05859375 0.040625
2 0.575 0.84140625 0.08203125 0.06484375
2 0.31484375 0.7890625 0.05078125 0.040625
2 0.29921875 0.8171875 0.03515625 0.03203125