1 0.5140625 0.18359375 0.2265625 0.1828125
1 0.75703125 0.25234375 0.1890625 0.1484375
1 0.528125 0.46484375 0.2140625 0.1609375
0 0.7328125 0.5328125 0.16015625 0.11640625
0 0.51328125 0.60625 0.16171875 0.1203125
1 0.2453125 0.7015625 0.14140625 0.10859375
2 0.53671875 0.71640625 0.13828125 0.10546875
2 0.77578125 0.91875 0.1421875 0.13515625
2 0.74296875 0.9859375 0.10078125 0.02734375
0 0.39609375 0.74921875 0.1109375 0.0875
2 0.4078125 0.8171875 0.07734375 0.05546875
2 0.33984375 0.86484375 0.11640625 0.0953125
0 0.29609375 0.78984375 0.1265625 0.1015625
0 0.1640625 0.5 0.071875 0.0484375
2 0.2328125 0.584375 0.0421875 0.0390625
2 0.19453125 0.60234375 0.04140625 0.034375
2 0.0859375 0.4578125 0.05546875 0.0421875
2 0.1 0.49609375 0.05 0.0328125
2 0.06796875 0.51171875 0.0484375 0.03671875
1 0.09921875 0.53984375 0.05390625 0.03359375
2 0.0453125 0.54140625 0.04921875 0.0328125
1 0.0609375 0.4140625 0.059375 0.04453125
0 0.109375 0.43515625 0.05546875 0.03671875
1 0.13359375 0.753125 0.04140625 0.03046875