5 0.02890625 0.29140625 0.05546875 0.05
5 0.009375 0.3203125 0.01796875 0.0546875
5 0.53515625 0.509375 0.13125 0.09609375
3 0.065625 0.5828125 0.0515625 0.0390625
5 0.0234375 0.5921875 0.04609375 0.03828125
3 0.39453125 0.71171875 0.07734375 0.0546875
5 0.3515625 0.75625 0.07890625 0.0609375
5 0.421875 0.75546875 0.06328125 0.0515625
4 0.84375 0.8578125 0.075 0.06328125
5 0.628125 0.2515625 0.09453125 0.05625
5 0.66015625 0.22734375 0.0765625 0.05703125
3 0.3140625 0.2234375 0.07109375 0.04765625