0 0.8828125 0.4328125 0.23359375 0.165625
2 0.83984375 0.63984375 0.22578125 0.15234375
2 0.75625 0.778125 0.1703125 0.1421875
1 0.68125 0.33515625 0.18125 0.13203125
1 0.61875 0.44296875 0.16640625 0.1140625
2 0.6171875 0.5453125 0.17421875 0.13046875
2 0.57265625 0.678125 0.1640625 0.11640625
2 0.540625 0.55390625 0.103125 0.11015625
2 0.5171875 0.64453125 0.109375 0.096875
2 0.43671875 0.6859375 0.09921875 0.0703125
2 0.3859375 0.63125 0.12109375 0.08046875
1 0.42109375 0.47109375 0.1265625 0.08515625
2 0.45625 0.39921875 0.12578125 0.1015625
2 0.39296875 0.51640625 0.1296875 0.0921875
2 0.28515625 0.52421875 0.11328125 0.08984375
2 0.2078125 0.565625 0.1109375 0.0765625
0 0.209375 0.37265625 0.1265625 0.1
2 0.14765625 0.44140625 0.1078125 0.08203125
2 0.13515625 0.52734375 0.10546875 0.06328125