2 0.8015625 0.6421875 0.13984375 0.10390625
2 0.6546875 0.41484375 0.225 0.159375
2 0.5703125 0.25390625 0.1984375 0.15390625
2 0.48046875 0.55078125 0.084375 0.0734375
2 0.48984375 0.46328125 0.10859375 0.11953125
2 0.41328125 0.53359375 0.08671875 0.07890625
2 0.33515625 0.58046875 0.17265625 0.1265625
2 0.45234375 0.89453125 0.046875 0.04140625
2 0.3546875 0.92265625 0.06015625 0.05
2 0.353125 0.7125 0.1234375 0.09765625
2 0.2703125 0.76015625 0.09296875 0.08046875
2 0.178125 0.69375 0.1703125 0.08828125
2 0.1625 0.79921875 0.20625 0.16171875
2 0.08359375 0.83984375 0.07109375 0.0703125
2 0.05703125 0.85390625 0.0703125 0.05859375
2 0.13359375 0.53515625 0.20078125 0.15
2 0.21640625 0.3890625 0.24375 0.1765625
2 0.06484375 0.46953125 0.12734375 0.103125