1 0.53828125 0.17890625 0.1984375 0.1609375
1 0.5828125 0.33046875 0.240625 0.18359375
2 0.38125 0.61875 0.16953125 0.1328125
2 0.24921875 0.625 0.11328125 0.090625
2 0.40078125 0.71328125 0.12265625 0.0890625
2 0.35625 0.74765625 0.09296875 0.06640625
2 0.34375 0.81875 0.08203125 0.0640625
1 0.53203125 0.68984375 0.08125 0.06171875
0 0.48125 0.7359375 0.06171875 0.0484375
2 0.5296875 0.7703125 0.0640625 0.0515625
2 0.48203125 0.834375 0.05859375 0.04921875
2 0.53046875 0.8421875 0.05234375 0.04609375
2 0.53515625 0.80546875 0.040625 0.0265625
2 0.9140625 0.76484375 0.075 0.05859375
2 0.8875 0.74375 0.05546875 0.0484375
2 0.7515625 0.7296875 0.059375 0.04765625
0 0.840625 0.65625 0.10625 0.0765625
1 0.77109375 0.55 0.09609375 0.0765625
2 0.7390625 0.64921875 0.0765625 0.05546875
0 0.721875 0.59453125 0.0875 0.06015625
2 0.84140625 0.615625 0.08203125 0.034375