2 0.1546875 0.01484375 0.075 0.0296875
2 0.16640625 0.06953125 0.0765625 0.06171875
2 0.17734375 0.10703125 0.06640625 0.034375
2 0.196875 0.1375 0.06171875 0.05
2 0.16640625 0.17421875 0.0515625 0.0421875
2 0.1546875 0.18125 0.0484375 0.03515625
2 0.134375 0.19765625 0.04375 0.0359375
2 0.43984375 0.01875 0.05625 0.0375
2 0.3640625 0.06953125 0.06015625 0.053125
2 0.39765625 0.1171875 0.05703125 0.0484375
2 0.3640625 0.1109375 0.034375 0.03203125
2 0.3890625 0.1375 0.04453125 0.0328125
2 0.4484375 0.1203125 0.06328125 0.0484375
2 0.37265625 0.1484375 0.03046875 0.028125
2 0.42421875 0.171875 0.05234375 0.04375
2 0.39140625 0.17890625 0.0390625 0.0390625
2 0.3625 0.1953125 0.046875 0.0421875
0 0.62578125 0.34765625 0.1359375 0.1046875
1 0.5953125 0.45390625 0.1046875 0.08203125
0 0.4296875 0.4828125 0.10625 0.07421875
2 0.5046875 0.50625 0.0875 0.0390625
2 0.403125 0.55390625 0.09609375 0.07421875
2 0.521875 0.54453125 0.0921875 0.06875
2 0.49296875 0.56015625 0.1078125 0.08125
2 0.63515625 0.540625 0.0859375 0.06484375
2 0.565625 0.58203125 0.0546875 0.0453125
2 0.45234375 0.60234375 0.071875 0.0546875
2 0.496875 0.61328125 0.04140625 0.0359375
2 0.53984375 0.61484375 0.07890625 0.0640625
2 0.64375 0.60234375 0.07734375 0.05859375
2 0.59375 0.6390625 0.071875 0.0609375
2 0.4390625 0.6578125 0.10078125 0.06796875
2 0.30859375 0.665625 0.1140625 0.07890625
2 0.2828125 0.7140625 0.09296875 0.05859375
2 0.159375 0.734375 0.03828125 0.03046875
2 0.125 0.7375 0.0375 0.0328125
1 0.09140625 0.72265625 0.0484375 0.0328125
2 0.4046875 0.7453125 0.0921875 0.07265625
2 0.31953125 0.7765625 0.07734375 0.06875
1 0.49453125 0.84140625 0.08046875 0.06640625
1 0.5984375 0.93203125 0.06171875 0.053125
0 0.53359375 0.93046875 0.05703125 0.0515625
0 0.1609375 0.4390625 0.04453125 0.034375
2 0.09375 0.45625 0.04921875 0.03515625
2 0.24375 0.50703125 0.03515625 0.0265625
2 0.20625 0.4828125 0.0375 0.02734375
2 0.1453125 0.5390625 0.0421875 0.0296875
2 0.17421875 0.571875 0.04296875 0.02890625
2 0.07265625 0.53203125 0.04453125 0.02734375
0 0.07578125 0.5046875 0.046875 0.02734375
2 0.0515625 0.5671875 0.04140625 0.0265625
0 0.10078125 0.48046875 0.04375 0.02734375
2 0.01640625 0.50703125 0.03203125 0.03046875
2 0.18828125 0.5421875 0.0359375 0.025
2 0.06484375 0.4796875 0.03984375 0.03046875
2 0.08203125 0.57890625 0.04140625 0.0171875
2 0.0828125 0.553125 0.04375 0.02734375
2 0.74921875 0.63203125 0.0296875 0.0234375
2 0.190625 0.51328125 0.03671875 0.0265625
0 0.1671875 0.490625 0.0375 0.03203125
2 0.13828125 0.48984375 0.03515625 0.028125
2 0.13046875 0.57421875 0.04140625 0.01953125