1 0.390625 0.4234375 0.0875 0.06171875
1 0.3546875 0.45703125 0.11015625 0.08046875
1 0.5640625 0.3140625 0.0890625 0.065625
1 0.1 0.28046875 0.07109375 0.05859375
0 0.05078125 0.2859375 0.05390625 0.04609375
2 0.1296875 0.33984375 0.06015625 0.04609375
2 0.07265625 0.35625 0.05546875 0.04375
2 0.1375 0.38203125 0.05859375 0.03828125
2 0.07734375 0.39140625 0.05390625 0.034375
2 0.12734375 0.41796875 0.05 0.03515625
2 0.09453125 0.42734375 0.04296875 0.0296875
1 0.75703125 0.3015625 0.08046875 0.0734375
0 0.63046875 0.38671875 0.071875 0.0546875
0 0.7796875 0.403125 0.07890625 0.05546875
1 0.57578125 0.50546875 0.0828125 0.065625
2 0.6609375 0.4765625 0.05390625 0.03984375
2 0.75390625 0.4484375 0.06328125 0.04375
1 0.4515625 0.53046875 0.075 0.0578125
0 0.57421875 0.54765625 0.06953125 0.04609375
0 0.36875 0.5359375 0.09609375 0.0703125
2 0.628125 0.59453125 0.0765625 0.0609375
2 0.5671875 0.6015625 0.0515625 0.0453125
0 0.50390625 0.60703125 0.08515625 0.05703125
2 0.665625 0.69765625 0.06796875 0.0546875
2 0.44765625 0.6296875 0.071875 0.05
2 0.6625 0.82109375 0.021875 0.0203125
1 0.6796875 0.98828125 0.05546875 0.0234375
2 0.528125 0.79921875 0.0484375 0.03828125
2 0.46953125 0.6859375 0.071875 0.0578125
2 0.30546875 0.6328125 0.0796875 0.0578125
2 0.3390625 0.7046875 0.04140625 0.0328125
2 0.2609375 0.7296875 0.05859375 0.04609375
1 0.01796875 0.65859375 0.03515625 0.04140625
0 0.1 0.73046875 0.05546875 0.03828125
2 0.1484375 0.74375 0.04375 0.03515625
2 0.03125 0.70234375 0.0484375 0.03125
0 0.190625 0.6921875 0.05 0.0375
2 0.2328125 0.63046875 0.03984375 0.0359375
2 0.221875 0.66875 0.0375 0.0296875
0 0.18125 0.66796875 0.04609375 0.02890625
2 0.1890625 0.63515625 0.0453125 0.02578125
2 0.26328125 0.675 0.02890625 0.02265625
2 0.05546875 0.659375 0.0375 0.0296875
2 0.01328125 0.73359375 0.0265625 0.0296875
2 0.034375 0.80625 0.0296875 0.02421875
0 0.10234375 0.6265625 0.04453125 0.0296875
2 0.07109375 0.62109375 0.02578125 0.02109375
2 0.29296875 0.6625 0.0375 0.021875
2 0.2296875 0.71171875 0.03515625 0.02578125
2 0.2421875 0.7984375 0.01796875 0.015625