2 0.51875 0.3546875 0.1484375 0.1109375
2 0.50546875 0.4515625 0.13125 0.09375
2 0.31484375 0.52421875 0.153125 0.10703125
2 0.53359375 0.56015625 0.1375 0.09921875
2 0.340625 0.6546875 0.15078125 0.10390625
1 0.16484375 0.7625 0.05078125 0.0359375
2 0.18671875 0.78828125 0.03984375 0.0296875
0 0.2375 0.77109375 0.0390625 0.0328125
0 0.25546875 0.8109375 0.04609375 0.03984375
2 0.3421875 0.8 0.0328125 0.0265625
2 0.3609375 0.79296875 0.025 0.02109375
2 0.4015625 0.71796875 0.1015625 0.075
2 0.50234375 0.7015625 0.10234375 0.08203125
2 0.55546875 0.6328125 0.12421875 0.0875