1 0.0484375 0.671875 0.09609375 0.04609375
1 0.05 0.7390625 0.0984375 0.1203125
1 0.1328125 0.79453125 0.14453125 0.1109375
1 0.37890625 0.45 0.1015625 0.0734375
1 0.45625 0.509375 0.12578125 0.0953125
0 0.35390625 0.53359375 0.109375 0.08359375
0 0.45234375 0.59453125 0.11015625 0.0828125
0 0.39453125 0.6390625 0.1125 0.09609375
2 0.3234375 0.62578125 0.08515625 0.07265625
2 0.33515625 0.703125 0.071875 0.0671875
2 0.38046875 0.72890625 0.10234375 0.0890625
0 0.49609375 0.7171875 0.1515625 0.1078125
2 0.6265625 0.7890625 0.14765625 0.1078125
0 0.5890625 0.46640625 0.1390625 0.09609375
0 0.6625 0.4765625 0.06640625 0.071875
2 0.7109375 0.42890625 0.0796875 0.0578125
2 0.0484375 0.97734375 0.09609375 0.04296875
2 0.06171875 0.1703125 0.0328125 0.025
1 0.0109375 0.18125 0.0203125 0.03125
0 0.14296875 0.159375 0.0203125 0.02421875
0 0.0765625 0.16875 0.03203125 0.0265625
2 0.22578125 0.16953125 0.03203125 0.028125
0 0.2359375 0.18203125 0.03203125 0.0234375