1 0.41015625 0.01484375 0.14453125 0.0296875
1 0.596875 0.1671875 0.20078125 0.153125
1 0.37890625 0.23984375 0.1953125 0.1484375
1 0.5203125 0.34765625 0.1546875 0.1234375
2 0.52265625 0.46015625 0.13828125 0.1109375
2 0.3828125 0.42109375 0.153125 0.11640625
1 0.14375 0.60078125 0.1 0.075
1 0.0703125 0.628125 0.1125 0.0734375
1 0.0390625 0.6796875 0.07734375 0.08828125
0 0.11640625 0.75625 0.11953125 0.08359375
2 0.41640625 0.67265625 0.140625 0.109375
2 0.5390625 0.7171875 0.109375 0.0859375
2 0.45390625 0.80234375 0.1046875 0.0875