0 0.628125 0.4140625 0.15625 0.13984375
2 0.5 0.4359375 0.10234375 0.06171875
2 0.34296875 0.35234375 0.12421875 0.115625
2 0.484375 0.4828125 0.13125 0.1234375
2 0.69140625 0.54375 0.13046875 0.12265625
2 0.32890625 0.49375 0.1140625 0.10078125
2 0.29453125 0.56328125 0.09609375 0.0921875
2 0.446875 0.54453125 0.06953125 0.07578125
2 0.51953125 0.58984375 0.109375 0.11015625
2 0.70390625 0.62578125 0.11640625 0.09765625
2 0.7140625 0.6953125 0.0859375 0.0484375
2 0.615625 0.690625 0.0859375 0.08203125
2 0.41015625 0.59609375 0.07734375 0.06484375
2 0.40078125 0.64921875 0.06796875 0.06875
2 0.26796875 0.625 0.08671875 0.07890625
2 0.33359375 0.69140625 0.06953125 0.071875
2 0.528125 0.88203125 0.0359375 0.03515625
1 0.4984375 0.8453125 0.04296875 0.0390625
1 0.53359375 0.85 0.0390625 0.03359375
0 0.5546875 0.8234375 0.03671875 0.03359375