0 0.21171875 0.8328125 0.06171875 0.0484375
2 0.1625 0.85703125 0.0609375 0.05234375
1 0.12265625 0.82734375 0.0640625 0.0515625
1 0.959375 0.71484375 0.078125 0.06015625
2 0.95546875 0.76796875 0.08515625 0.05703125
2 0.95 0.81875 0.0734375 0.0515625
2 0.98125 0.81953125 0.0359375 0.05078125
2 0.61640625 0.8109375 0.1703125 0.128125
2 0.54140625 0.90625 0.1515625 0.12890625
2 0.403125 0.92265625 0.12890625 0.11875
2 0.36328125 0.840625 0.17421875 0.12421875
2 0.40234375 0.7234375 0.20390625 0.1421875
2 0.68046875 0.65625 0.18203125 0.13671875
1 0.4328125 0.55859375 0.209375 0.1578125
1 0.67734375 0.471875 0.16484375 0.13359375
2 0.9609375 0.3328125 0.0765625 0.128125
2 0.9453125 0.36484375 0.10703125 0.0953125
2 0.9828125 0.165625 0.0328125 0.09453125
2 0.96484375 0.21328125 0.06875 0.071875
2 0.2328125 0.06796875 0.08125 0.06171875
2 0.1703125 0.08125 0.08125 0.06640625
2 0.18359375 0.13828125 0.075 0.0546875
2 0.25 0.1421875 0.06171875 0.05546875
2 0.2546875 0.19453125 0.03984375 0.04921875
2 0.36875 0.12109375 0.06640625 0.0515625
2 0.3859375 0.165625 0.04140625 0.03984375
2 0.3671875 0.0671875 0.04296875 0.05859375
2 0.2046875 0.0171875 0.0953125 0.03359375
2 0.35703125 0.19296875 0.05 0.04140625