2 0.4234375 0.21328125 0.1953125 0.18359375
2 0.29453125 0.253125 0.26171875 0.21328125
0 0.03984375 0.4640625 0.0796875 0.0703125
2 0.26171875 0.48359375 0.1875 0.1265625
2 0.39296875 0.534375 0.12578125 0.090625
2 0.28515625 0.5796875 0.1578125 0.11796875
2 0.3796875 0.60390625 0.06171875 0.06484375
2 0.30625 0.65390625 0.11953125 0.06953125
1 0.034375 0.796875 0.065625 0.065625
2 0.55625 0.51015625 0.15703125 0.121875
2 0.553125 0.68125 0.1578125 0.1296875
2 0.72265625 0.83984375 0.16328125 0.140625
2 0.6828125 0.93359375 0.11015625 0.0953125
2 0.56875 0.8078125 0.04609375 0.034375
2 0.50234375 0.85078125 0.02421875 0.021875
2 0.55 0.92578125 0.0265625 0.02578125
2 0.04375 0.8828125 0.05859375 0.04453125
2 0.05546875 0.92265625 0.04921875 0.03671875