0 0.69140625 0.084375 0.25859375 0.16796875
2 0.8046875 0.23359375 0.16640625 0.13203125
2 0.415625 0.3890625 0.159375 0.16171875
2 0.65078125 0.44296875 0.14609375 0.10703125
2 0.58359375 0.5015625 0.11953125 0.07421875
2 0.3796875 0.53828125 0.10703125 0.06171875
2 0.5390625 0.58125 0.225 0.16875
2 0.39765625 0.60234375 0.15234375 0.12890625
2 0.31796875 0.625 0.04609375 0.05
2 0.53671875 0.696875 0.11171875 0.07734375
2 0.4515625 0.66875 0.096875 0.05078125
2 0.34375 0.7015625 0.05625 0.03984375
1 0.10390625 0.70703125 0.20703125 0.1703125
2 0.53046875 0.7875 0.18984375 0.15
1 0.98125 0.74765625 0.03671875 0.09453125
1 0.9703125 0.775 0.05859375 0.09765625
2 0.13125 0.928125 0.12265625 0.109375
2 0.0359375 0.95390625 0.06953125 0.09140625