0 0.4671875 0.34609375 0.16171875 0.1265625
0 0.41875 0.2484375 0.13828125 0.10625
2 0.51484375 0.40234375 0.1234375 0.06796875
0 0.6109375 0.4796875 0.153125 0.11953125
1 0.4015625 0.59609375 0.06640625 0.04921875
0 0.2765625 0.6046875 0.0640625 0.04609375
2 0.3484375 0.634375 0.05859375 0.04296875
2 0.2640625 0.6515625 0.059375 0.04453125
2 0.2921875 0.5171875 0.0515625 0.034375
2 0.346875 0.4875 0.0484375 0.040625
2 0.44375 0.67421875 0.040625 0.03125
2 0.39140625 0.64609375 0.04765625 0.03359375
2 0.32421875 0.66484375 0.04921875 0.021875
2 0.690625 0.64453125 0.14296875 0.10390625
2 0.653125 0.6015625 0.1046875 0.07109375
2 0.63203125 0.68203125 0.09375 0.071875
2 0.5859375 0.74140625 0.0734375 0.0515625
2 0.70703125 0.76796875 0.11796875 0.084375
2 0.6796875 0.82578125 0.0765625 0.05859375
2 0.60390625 0.81875 0.08984375 0.06328125
1 0.778125 0.31171875 0.05078125 0.03671875
2 0.921875 0.5140625 0.053125 0.0421875
2 0.9171875 0.5546875 0.05625 0.03828125
0 0.953125 0.471875 0.06640625 0.04375
2 0.91015625 0.44140625 0.06171875 0.03984375
2 0.97578125 0.51171875 0.0484375 0.0390625
2 0.81640625 0.50546875 0.0546875 0.04453125
2 0.83203125 0.540625 0.0515625 0.0390625
2 0.82578125 0.571875 0.046875 0.03125
2 0.79296875 0.44375 0.0546875 0.040625
2 0.7609375 0.37109375 0.04453125 0.0296875
0 0.7 0.36328125 0.04453125 0.0328125
0 0.7171875 0.38515625 0.040625 0.028125
1 0.81796875 0.35625 0.05078125 0.03671875
0 0.66953125 0.34140625 0.0375 0.02890625
2 0.75546875 0.40078125 0.04296875 0.0296875
2 0.8359375 0.3875 0.0453125 0.03203125
2 0.89140625 0.65390625 0.0453125 0.03125
2 0.83359375 0.4140625 0.04140625 0.02578125
2 0.7203125 0.409375 0.0375 0.02265625
2 0.68671875 0.38828125 0.0390625 0.03203125
2 0.909375 0.4109375 0.0546875 0.03359375
2 0.35078125 0.565625 0.04140625 0.0296875
2 0.31640625 0.609375 0.0375 0.03359375