0 0.7171875 0.19609375 0.125 0.096875
0 0.81171875 0.2671875 0.06796875 0.053125
0 0.7875 0.33984375 0.1515625 0.10234375
2 0.80859375 0.41328125 0.10859375 0.07734375
2 0.9140625 0.53125 0.10703125 0.06328125
2 0.8984375 0.5796875 0.08359375 0.053125
2 0.6390625 0.8171875 0.06796875 0.05703125
2 0.6453125 0.76875 0.05390625 0.04140625
0 0.65390625 0.703125 0.071875 0.0546875
2 0.63984375 0.73203125 0.05390625 0.03828125
2 0.72734375 0.70390625 0.059375 0.03671875
2 0.38515625 0.77890625 0.04765625 0.0390625
2 0.22421875 0.76328125 0.07265625 0.0578125
2 0.23671875 0.7921875 0.06484375 0.04765625
2 0.19765625 0.828125 0.0546875 0.0484375
2 0.12578125 0.809375 0.07734375 0.0609375
2 0.12734375 0.8453125 0.0703125 0.034375
1 0.234375 0.68828125 0.06953125 0.06171875
0 0.146875 0.73125 0.0828125 0.06796875
0 0.2234375 0.65078125 0.0625 0.03828125
2 0.40078125 0.6921875 0.0625 0.0515625
2 0.1109375 0.62265625 0.05546875 0.05234375
1 0.23125 0.5890625 0.07265625 0.06171875
0 0.509375 0.56015625 0.07265625 0.053125
2 0.4515625 0.60703125 0.0765625 0.05859375
2 0.03984375 0.48125 0.075 0.05
2 0.0953125 0.515625 0.07421875 0.05390625
2 0.13671875 0.553125 0.08359375 0.05625
0 0.39375 0.49375 0.04921875 0.03828125
1 0.3453125 0.4625 0.05 0.02890625
2 0.56328125 0.47265625 0.07265625 0.0515625
2 0.5515625 0.42734375 0.09453125 0.07109375
2 0.7234375 0.29453125 0.06640625 0.0421875
2 0.6828125 0.334375 0.075 0.06015625
2 0.60703125 0.34453125 0.0953125 0.07421875
2 0.54765625 0.33046875 0.0859375 0.07734375
2 0.53671875 0.378125 0.07578125 0.0484375
2 0.20625 0.19765625 0.0453125 0.04296875
2 0.3125 0.2015625 0.053125 0.04296875