5 0.28671875 0.04453125 0.0546875 0.0796875
3 0.359375 0.06015625 0.08046875 0.11953125
5 0.32421875 0.11328125 0.0734375 0.1125
5 0.3890625 0.15390625 0.0765625 0.1
4 0.2796875 0.31328125 0.10078125 0.1171875
4 0.19296875 0.3234375 0.0984375 0.1328125
3 0.259375 0.40390625 0.0796875 0.09296875
5 0.16015625 0.48828125 0.05234375 0.0625
5 0.13984375 0.54921875 0.05703125 0.0640625
4 0.10859375 0.66328125 0.046875 0.0515625
5 0.246875 0.7859375 0.04296875 0.0484375
5 0.44765625 0.81875 0.06484375 0.08359375
3 0.4625 0.9046875 0.06640625 0.0890625
4 0.63671875 0.59453125 0.04296875 0.0515625
5 0.675 0.44296875 0.0796875 0.10546875
4 0.66875 0.4625 0.1 0.13828125
3 0.590625 0.4328125 0.06328125 0.09921875
3 0.64609375 0.38671875 0.0859375 0.084375