0 0.39453125 0.35859375 0.12265625 0.1125
2 0.56640625 0.40859375 0.0953125 0.0890625
2 0.46484375 0.484375 0.08828125 0.08125
2 0.359375 0.4 0.09765625 0.07578125
2 0.37421875 0.4375 0.07421875 0.05234375
2 0.3671875 0.48046875 0.06953125 0.05859375
2 0.51640625 0.51953125 0.06484375 0.0609375
2 0.6109375 0.53515625 0.14140625 0.09609375
2 0.71328125 0.52265625 0.10390625 0.0859375
2 0.73828125 0.5734375 0.134375 0.090625
2 0.69609375 0.6390625 0.10546875 0.07109375
2 0.71875 0.67734375 0.07265625 0.04296875
2 0.7046875 0.7875 0.1015625 0.071875
2 0.7703125 0.70546875 0.08203125 0.0671875
2 0.81328125 0.63515625 0.1046875 0.07890625
2 0.46796875 0.4453125 0.07890625 0.0390625
1 0.690625 0.4328125 0.12890625 0.08671875
1 0.81015625 0.45546875 0.05390625 0.04296875
1 0.89609375 0.4265625 0.0609375 0.04140625
1 0.86328125 0.4640625 0.04140625 0.04453125
1 0.83515625 0.490625 0.05 0.0390625
2 0.94140625 0.17890625 0.046875 0.0421875
2 0.9578125 0.22265625 0.04140625 0.03359375
2 0.8671875 0.17265625 0.0421875 0.03671875
0 0.9765625 0.1453125 0.0453125 0.0515625
1 0.284375 0.309375 0.03984375 0.03359375
1 0.2625 0.2890625 0.04375 0.0328125
2 0.596875 0.6046875 0.05078125 0.0328125
2 0.584375 0.5859375 0.0609375 0.0296875