2 0.565625 0.28125 0.1234375 0.1125
2 0.34921875 0.24765625 0.1625 0.12421875
2 0.39140625 0.3796875 0.14296875 0.10859375
2 0.30546875 0.39140625 0.1015625 0.08671875
2 0.3234375 0.4796875 0.1171875 0.08125
2 0.6703125 0.43203125 0.175 0.1234375
2 0.5703125 0.3953125 0.11015625 0.0828125
2 0.5109375 0.47109375 0.14453125 0.10234375
2 0.62890625 0.4953125 0.1 0.0453125
2 0.6015625 0.534375 0.11328125 0.06640625
2 0.59765625 0.59765625 0.0859375 0.05859375
2 0.703125 0.55234375 0.13515625 0.08828125
2 0.72109375 0.6265625 0.09921875 0.07109375
2 0.77578125 0.6328125 0.05390625 0.06484375
2 0.421875 0.61171875 0.0734375 0.05546875
2 0.3859375 0.67421875 0.08515625 0.0703125
2 0.29609375 0.6515625 0.10625 0.07421875
2 0.28359375 0.86328125 0.078125 0.0671875
2 0.36015625 0.77265625 0.0765625 0.05859375
2 0.415625 0.840625 0.06796875 0.04921875
2 0.3015625 0.93671875 0.07578125 0.05703125
2 0.17265625 0.6765625 0.07265625 0.0671875
1 0.14453125 0.746875 0.09453125 0.065625
2 0.22109375 0.76640625 0.0796875 0.0625
2 0.29140625 0.78359375 0.03671875 0.02265625
2 0.1046875 0.84765625 0.09296875 0.07265625
2 0.1515625 0.89609375 0.07734375 0.06171875
2 0.18828125 0.95390625 0.0609375 0.05078125
2 0.44296875 0.26640625 0.0640625 0.0640625
2 0.4234375 0.49921875 0.084375 0.06171875
2 0.4328125 0.434375 0.1 0.06484375
2 0.6046875 0.04765625 0.0625 0.0515625
2 0.57421875 0.13828125 0.059375 0.0453125
2 0.22890625 0.3609375 0.046875 0.03125