1 0.4015625 0.22421875 0.23515625 0.20078125
1 0.59609375 0.275 0.221875 0.1796875
1 0.45078125 0.40703125 0.2296875 0.17734375
1 0.35 0.5703125 0.26484375 0.20078125
0 0.51015625 0.59296875 0.1640625 0.15390625
0 0.5796875 0.4375 0.15234375 0.140625
2 0.68671875 0.58671875 0.19765625 0.15078125
2 0.40078125 0.73203125 0.20234375 0.15859375
2 0.67421875 0.67734375 0.16796875 0.10703125
2 0.55 0.7140625 0.146875 0.12578125
2 0.48359375 0.80703125 0.14296875 0.10234375
2 0.3890625 0.8890625 0.13828125 0.12109375
1 0.2703125 0.65546875 0.11484375 0.084375