5 0.63984375 0.04609375 0.18359375 0.09140625
5 0.62265625 0.11328125 0.16875 0.09921875
5 0.6515625 0.16953125 0.18359375 0.15625
5 0.67265625 0.24453125 0.12265625 0.10703125
5 0.26015625 0.378125 0.10390625 0.07734375
5 0.159375 0.41171875 0.09375 0.07109375
5 0.25390625 0.42578125 0.096875 0.0546875
5 0.3015625 0.52421875 0.0828125 0.06171875
3 0.240625 0.546875 0.13828125 0.09296875
3 0.56875 0.53125 0.21640625 0.1484375
5 0.771875 0.50703125 0.2015625 0.1578125
3 0.03203125 0.65234375 0.06171875 0.0515625
5 0.01953125 0.6890625 0.03828125 0.03671875
4 0.05703125 0.696875 0.08203125 0.0515625
5 0.07109375 0.72265625 0.0625 0.04453125
3 0.25703125 0.75234375 0.06640625 0.05
4 0.42734375 0.86640625 0.11875 0.09453125
3 0.4890625 0.903125 0.10703125 0.0890625