2 0.49921875 0.25703125 0.1796875 0.153125
2 0.809375 0.48984375 0.14375 0.10390625
2 0.6171875 0.4359375 0.14765625 0.1078125
2 0.375 0.44453125 0.17890625 0.1390625
2 0.38671875 0.5546875 0.12890625 0.096875
2 0.52890625 0.57578125 0.13359375 0.10078125
0 0.03671875 0.60234375 0.0734375 0.0859375
2 0.06953125 0.60859375 0.059375 0.06875
2 0.08984375 0.6703125 0.1015625 0.07265625
2 0.04375 0.73828125 0.0859375 0.0734375
2 0.09375 0.73203125 0.03984375 0.0578125
2 0.38359375 0.653125 0.12734375 0.09609375
2 0.2390625 0.65625 0.1140625 0.0875
2 0.21796875 0.715625 0.0703125 0.04609375
2 0.325 0.72890625 0.090625 0.0734375
2 0.43671875 0.73125 0.13203125 0.10234375
2 0.621875 0.6953125 0.1171875 0.08359375
2 0.71484375 0.7296875 0.09375 0.0734375
2 0.55625 0.76875 0.09140625 0.07109375
2 0.65234375 0.796875 0.0390625 0.034375