0 0.34609375 0.3453125 0.24921875 0.1796875
1 0.6203125 0.29609375 0.25859375 0.20390625
2 0.65546875 0.43515625 0.1375 0.10859375
2 0.5578125 0.47109375 0.2140625 0.153125
2 0.30078125 0.55859375 0.20234375 0.14453125
2 0.54921875 0.621875 0.16796875 0.12109375
2 0.50234375 0.72109375 0.12265625 0.096875
1 0.409375 0.6609375 0.0984375 0.07109375
1 0.34453125 0.65390625 0.08046875 0.0671875
1 0.36796875 0.7171875 0.1171875 0.07578125
2 0.35703125 0.76875 0.1015625 0.07578125
2 0.02890625 0.6390625 0.05703125 0.0453125
2 0.11171875 0.6640625 0.04765625 0.034375
0 0.234375 0.78203125 0.0890625 0.0734375
2 0.4390625 0.7546875 0.06953125 0.06328125
1 0.31640625 0.83125 0.04375 0.03515625
2 0.45078125 0.81015625 0.03984375 0.040625
2 0.1671875 0.80625 0.08046875 0.0609375
2 0.17890625 0.840625 0.065625 0.046875
2 0.071875 0.58671875 0.0625 0.053125
2 0.49296875 0.54609375 0.09140625 0.05625
2 0.6078125 0.56171875 0.06328125 0.025