1 0.73515625 0.52734375 0.3171875 0.18125
1 0.6125 0.4140625 0.2375 0.16484375
1 0.73359375 0.2328125 0.18359375 0.13515625
1 0.5625 0.31015625 0.19375 0.1515625
0 0.82734375 0.67734375 0.265625 0.2171875
2 0.571875 0.7765625 0.23203125 0.16171875
2 0.46796875 0.53515625 0.15546875 0.14921875
2 0.38046875 0.40390625 0.140625 0.1203125
2 0.2734375 0.47890625 0.1375 0.11015625
2 0.32109375 0.578125 0.16953125 0.13125
2 0.2171875 0.57890625 0.1 0.1109375
2 0.34609375 0.68671875 0.18359375 0.14296875
2 0.415625 0.75546875 0.146875 0.109375
2 0.57265625 0.6828125 0.153125 0.090625