0 0.3796875 0.35625 0.14453125 0.1234375
0 0.30390625 0.375 0.1 0.09453125
0 0.45234375 0.3453125 0.078125 0.0921875
2 0.46640625 0.4296875 0.1 0.08515625
2 0.6390625 0.415625 0.05703125 0.05703125
2 0.52421875 0.4796875 0.08125 0.0703125
2 0.65625 0.50859375 0.0859375 0.07265625
2 0.6046875 0.5453125 0.05390625 0.06796875
2 0.50234375 0.54140625 0.09453125 0.09375
2 0.6828125 0.57109375 0.0765625 0.06484375
2 0.2609375 0.4984375 0.12265625 0.11484375
2 0.55234375 0.6046875 0.0796875 0.0875
2 0.646875 0.6140625 0.03046875 0.0375
2 0.3921875 0.58671875 0.1015625 0.1046875
2 0.43515625 0.6015625 0.04296875 0.06640625
2 0.2390625 0.59453125 0.11015625 0.10546875
0 0.6203125 0.6125 0.06953125 0.059375
1 0.7546875 0.65390625 0.05078125 0.04375
2 0.7046875 0.6265625 0.04140625 0.05703125
2 0.4390625 0.6484375 0.07578125 0.07890625
2 0.28203125 0.6578125 0.0859375 0.08203125
2 0.26015625 0.678125 0.06484375 0.0578125
2 0.21328125 0.71484375 0.06875 0.06953125
0 0.70546875 0.68984375 0.0734375 0.08046875
0 0.60625 0.728125 0.07421875 0.0828125
2 0.56171875 0.6890625 0.05234375 0.06015625
2 0.5546875 0.71640625 0.0421875 0.0546875
2 0.53671875 0.7203125 0.0546875 0.0640625
2 0.43203125 0.7171875 0.0625 0.06484375
2 0.3859375 0.77734375 0.0484375 0.05703125
2 0.36640625 0.809375 0.0390625 0.040625
2 0.3828125 0.83125 0.0421875 0.03828125
2 0.7046875 0.740625 0.07265625 0.0546875
2 0.6078125 0.7796875 0.04609375 0.046875
2 0.70703125 0.77734375 0.06484375 0.05234375
2 0.6234375 0.815625 0.0640625 0.04609375
2 0.63046875 0.8453125 0.059375 0.04140625