0 0.4125 0.41796875 0.075 0.06953125
0 0.46015625 0.409375 0.0625 0.0640625
2 0.35234375 0.44296875 0.075 0.0640625
2 0.321875 0.37265625 0.0734375 0.06328125
2 0.28359375 0.41640625 0.06953125 0.06328125
1 0.39296875 0.35078125 0.0875 0.0671875
1 0.4734375 0.34921875 0.07734375 0.06171875
1 0.51640625 0.3375 0.075 0.06875
1 0.58203125 0.340625 0.11328125 0.07734375
2 0.5484375 0.415625 0.071875 0.06171875
1 0.66640625 0.4890625 0.08046875 0.0640625
1 0.71484375 0.53125 0.08359375 0.06484375
1 0.65703125 0.55 0.0796875 0.06171875
1 0.59765625 0.55078125 0.0671875 0.05703125
0 0.63828125 0.603125 0.075 0.0609375
0 0.72578125 0.59453125 0.0875 0.0640625
1 0.5546875 0.8609375 0.05625 0.04921875
1 0.52890625 0.9 0.0515625 0.05
2 0.5828125 0.58515625 0.0546875 0.02890625
0 0.5890625 0.5171875 0.0578125 0.04375
2 0.46171875 0.47734375 0.06015625 0.0515625