5 0.55234375 0.35390625 0.171875 0.1796875
5 0.67109375 0.3984375 0.16171875 0.14765625
5 0.209375 0.05234375 0.040625 0.0375
5 0.2984375 0.0578125 0.0421875 0.0359375
5 0.27421875 0.090625 0.06015625 0.0578125
5 0.60078125 0.60390625 0.1453125 0.11015625
5 0.56171875 0.7 0.12265625 0.10546875
3 0.40546875 0.740625 0.0953125 0.08203125
3 0.48203125 0.778125 0.09296875 0.07421875
5 0.44765625 0.828125 0.12578125 0.10078125
5 0.33828125 0.9015625 0.06328125 0.03359375
4 0.34375 0.92890625 0.07421875 0.0578125
3 0.17890625 0.24609375 0.0359375 0.0421875
3 0.07265625 0.31015625 0.0546875 0.03984375