1 0.2 0.6890625 0.240625 0.18125
1 0.3359375 0.74375 0.18984375 0.10703125
1 0.31875 0.8703125 0.2484375 0.209375
2 0.4375 0.86875 0.07109375 0.1296875
2 0.53359375 0.67578125 0.06015625 0.04765625
2 0.4609375 0.64375 0.090625 0.06328125
2 0.45234375 0.57890625 0.10859375 0.078125
2 0.54453125 0.58515625 0.0828125 0.06328125
0 0.55546875 0.51875 0.1 0.0796875
1 0.44921875 0.503125 0.12734375 0.08125
1 0.434375 0.4046875 0.18125 0.13671875
1 0.60078125 0.4265625 0.13203125 0.103125
1 0.46953125 0.2265625 0.14609375 0.115625
1 0.38359375 0.25546875 0.09375 0.075
1 0.6828125 0.26171875 0.15390625 0.1171875