1 0.63125 0.421875 0.146875 0.1140625
0 0.26015625 0.44140625 0.12890625 0.08984375
0 0.45859375 0.49453125 0.115625 0.08515625
2 0.06015625 0.40390625 0.11796875 0.08515625
2 0.63359375 0.5796875 0.109375 0.084375
2 0.475 0.59296875 0.0921875 0.07265625
2 0.63984375 0.71484375 0.096875 0.071875
2 0.48828125 0.709375 0.07578125 0.0578125
2 0.64921875 0.77578125 0.07421875 0.05390625
0 0.1359375 0.7453125 0.0515625 0.03671875
0 0.20078125 0.7921875 0.053125 0.03984375
2 0.14453125 0.85 0.05546875 0.04140625
1 0.38125 0.8671875 0.0375 0.034375
1 0.38046875 0.92734375 0.03984375 0.0375
0 0.36796875 0.915625 0.03203125 0.03046875
1 0.37265625 0.965625 0.04140625 0.0390625
1 0.54765625 0.96796875 0.05 0.03828125
1 0.50625 0.97890625 0.04140625 0.03984375
0 0.48515625 0.93125 0.04140625 0.03828125
0 0.43125 0.9546875 0.0421875 0.03671875
0 0.40625 0.98515625 0.0375 0.0296875
1 0.49296875 0.903125 0.03984375 0.03515625
1 0.61640625 0.83671875 0.03046875 0.0265625
0 0.46640625 0.8953125 0.0296875 0.03203125
2 0.58125 0.92578125 0.02578125 0.0234375
2 0.54296875 0.88515625 0.0265625 0.02109375
2 0.51640625 0.921875 0.03671875 0.0265625
2 0.225 0.79375 0.028125 0.0296875
2 0.225 0.4734375 0.090625 0.0546875
2 0.20078125 0.509375 0.075 0.046875
2 0.0484375 0.46015625 0.090625 0.05546875
0 0.02734375 0.8375 0.053125 0.0421875
2 0.08203125 0.8703125 0.05078125 0.03828125
2 0.07890625 0.79609375 0.05 0.03515625
2 0.15 0.8890625 0.04375 0.03203125
2 0.07578125 0.92578125 0.04375 0.03359375
2 0.58046875 0.96484375 0.025 0.025