5 0.03828125 0.615625 0.065625 0.053125
5 0.03046875 0.56953125 0.046875 0.0421875
5 0.17109375 0.29296875 0.040625 0.02734375
5 0.13046875 0.31875 0.04375 0.015625
5 0.10234375 0.3109375 0.0359375 0.0203125
5 0.58671875 0.2328125 0.04453125 0.03125
5 0.5640625 0.2546875 0.0546875 0.03828125
5 0.53359375 0.2140625 0.0296875 0.02265625
5 0.503125 0.2296875 0.0515625 0.0390625
5 0.4671875 0.2734375 0.0546875 0.03984375
5 0.62265625 0.5265625 0.04453125 0.03671875
5 0.65625 0.46484375 0.0265625 0.01953125
5 0.6 0.46953125 0.06015625 0.04921875
5 0.55859375 0.5328125 0.08671875 0.06640625
5 0.51640625 0.57890625 0.065625 0.05
5 0.4515625 0.5578125 0.04765625 0.03515625
5 0.46484375 0.5171875 0.10546875 0.0796875