5 0.73515625 0.26171875 0.15625 0.11484375
5 0.76640625 0.3265625 0.14140625 0.0828125
5 0.44765625 0.296875 0.18203125 0.13828125
5 0.3421875 0.3515625 0.1453125 0.10703125
5 0.428125 0.40234375 0.1125 0.08203125
3 0.3578125 0.5828125 0.1015625 0.07109375
5 0.31640625 0.65 0.12109375 0.09375
5 0.4265625 0.63671875 0.0953125 0.07734375
5 0.5578125 0.60703125 0.115625 0.08359375
5 0.5078125 0.678125 0.109375 0.07890625
5 0.54765625 0.7171875 0.15390625 0.1078125
3 0.26484375 0.72578125 0.0546875 0.02265625
4 0.2203125 0.76328125 0.03203125 0.04140625
3 0.26171875 0.75703125 0.07890625 0.0609375
5 0.27734375 0.8046875 0.0734375 0.059375