1 0.58828125 0.20546875 0.17890625 0.12890625
1 0.49375 0.36328125 0.1234375 0.13828125
1 0.35546875 0.36953125 0.18984375 0.16953125
1 0.33046875 0.453125 0.15234375 0.07421875
1 0.52578125 0.5046875 0.12734375 0.12421875
2 0.45234375 0.46015625 0.11015625 0.06484375
0 0.38515625 0.53515625 0.17265625 0.1421875
0 0.2734375 0.53515625 0.09921875 0.10234375
2 0.3125 0.6234375 0.11015625 0.08515625
2 0.31796875 0.703125 0.0828125 0.11328125
2 0.3765625 0.678125 0.13203125 0.13359375
2 0.48359375 0.60546875 0.1125 0.10234375
2 0.65234375 0.45546875 0.14375 0.12421875
2 0.69765625 0.5609375 0.1609375 0.1046875
2 0.55 0.64765625 0.0578125 0.06015625
2 0.61328125 0.57421875 0.0953125 0.0890625
2 0.71328125 0.66875 0.11640625 0.090625
2 0.6765625 0.73203125 0.1 0.08671875
2 0.78828125 0.7265625 0.09609375 0.08203125