1 0.07890625 0.2234375 0.06484375 0.05
0 0.07734375 0.271875 0.065625 0.046875
2 0.06953125 0.3234375 0.05703125 0.04765625
2 0.37578125 0.27734375 0.12890625 0.1296875
2 0.59453125 0.4328125 0.12578125 0.08984375
2 0.30625 0.39140625 0.17265625 0.13046875
2 0.5359375 0.52421875 0.1765625 0.14140625
2 0.37734375 0.55234375 0.125 0.09765625
2 0.5015625 0.60859375 0.10859375 0.0796875
2 0.634375 0.69296875 0.11640625 0.0921875
2 0.4984375 0.703125 0.1265625 0.10234375
2 0.03359375 0.80390625 0.0671875 0.0671875
2 0.11015625 0.8421875 0.09296875 0.07265625
2 0.0296875 0.928125 0.05859375 0.09453125