2 0.26328125 0.809375 0.10078125 0.0796875
2 0.18046875 0.77734375 0.0921875 0.06875
2 0.29765625 0.703125 0.11875 0.09609375
2 0.20625 0.69765625 0.10234375 0.075
2 0.359375 0.61875 0.125 0.09921875
2 0.24140625 0.6 0.11484375 0.07890625
2 0.28125 0.51015625 0.121875 0.08046875
0 0.2625 0.41796875 0.12578125 0.09609375
0 0.41171875 0.4359375 0.1125 0.0921875
0 0.4953125 0.49140625 0.11171875 0.0875
0 0.50859375 0.296875 0.125 0.10546875
0 0.58203125 0.36875 0.1203125 0.0921875
2 0.56953125 0.5625 0.10390625 0.08515625
2 0.66328125 0.45078125 0.1125 0.08125
2 0.65546875 0.60703125 0.1 0.08203125
2 0.71171875 0.515625 0.10625 0.07890625
2 0.7546875 0.59140625 0.09609375 0.07890625