1 0.19140625 0.109375 0.15703125 0.13515625
1 0.61328125 0.1703125 0.05390625 0.053125
1 0.6046875 0.20234375 0.04375 0.053125
0 0.27421875 0.2296875 0.15859375 0.109375
0 0.1734375 0.2546875 0.1234375 0.11328125
0 0.25625 0.3421875 0.15703125 0.11875
2 0.14921875 0.328125 0.10078125 0.09140625
2 0.3125 0.36484375 0.1 0.10546875
2 0.125 0.4046875 0.109375 0.09296875
2 0.26640625 0.44453125 0.090625 0.09140625
2 0.1875 0.5328125 0.11328125 0.09921875
0 0.31875 0.525 0.14140625 0.125
2 0.3953125 0.5578125 0.0890625 0.10390625
0 0.475 0.31953125 0.15703125 0.1484375
0 0.42734375 0.44609375 0.13671875 0.13125
0 0.58359375 0.4453125 0.1546875 0.1375
2 0.48671875 0.5421875 0.1140625 0.11015625
2 0.56171875 0.5921875 0.10625 0.10390625
2 0.6875 0.5390625 0.13515625 0.11953125
2 0.70859375 0.63515625 0.12890625 0.10078125
2 0.67109375 0.68828125 0.0859375 0.05859375
2 0.69375 0.74375 0.0640625 0.06171875
2 0.23515625 0.5953125 0.05 0.10390625
2 0.06796875 0.2265625 0.03203125 0.03125
2 0.0421875 0.228125 0.02734375 0.0265625
0 0.0875 0.1484375 0.04453125 0.04140625
0 0.1203125 0.1828125 0.03984375 0.03125
2 0.09921875 0.215625 0.03203125 0.0375
2 0.03125 0.21796875 0.025 0.02578125