1 0.209375 0.075 0.14765625 0.1484375
1 0.11875 0.06484375 0.221875 0.1296875
1 0.0875 0.53828125 0.12265625 0.08515625
1 0.20390625 0.521875 0.09765625 0.07265625
2 0.14140625 0.6140625 0.0625 0.0609375
2 0.26015625 0.60546875 0.0890625 0.06484375
2 0.2140625 0.67734375 0.0734375 0.05703125
2 0.365625 0.78671875 0.128125 0.09453125
0 0.4203125 0.73125 0.20703125 0.15546875
2 0.5203125 0.7484375 0.0625 0.07734375
1 0.38828125 0.4984375 0.1796875 0.12890625
0 0.575 0.53515625 0.146875 0.0921875
2 0.4875 0.65234375 0.13125 0.09609375
1 0.5671875 0.43359375 0.17890625 0.13203125