2 0.98828125 0.08359375 0.0234375 0.025
2 0.9578125 0.0671875 0.040625 0.03125
2 0.95390625 0.084375 0.0296875 0.0171875
2 0.98359375 0.165625 0.0328125 0.0625
2 0.98046875 0.19609375 0.0390625 0.05078125
2 0.8578125 0.04921875 0.0828125 0.0796875
2 0.86953125 0.134375 0.06640625 0.0734375
1 0.7765625 0.14140625 0.140625 0.10390625
1 0.6859375 0.20625 0.10546875 0.09296875
1 0.690625 0.29140625 0.0875 0.08671875
2 0.7359375 0.3046875 0.1203125 0.0890625
0 0.82421875 0.3625 0.11328125 0.08671875
2 0.71875 0.38046875 0.1203125 0.075
2 0.92421875 0.49609375 0.1515625 0.1015625
2 0.87421875 0.43828125 0.12890625 0.09453125
2 0.70625 0.44140625 0.121875 0.07578125
1 0.4609375 0.4703125 0.146875 0.1109375
1 0.41328125 0.5453125 0.13828125 0.09453125
1 0.328125 0.46171875 0.14296875 0.1078125
1 0.29296875 0.565625 0.1328125 0.096875
1 0.20234375 0.45859375 0.11953125 0.08984375
1 0.1578125 0.5859375 0.1484375 0.10625
0 0.27265625 0.7296875 0.1296875 0.10078125
2 0.16328125 0.796875 0.13828125 0.0984375
2 0.11953125 0.72109375 0.1375 0.10078125
2 0.05 0.82421875 0.1 0.084375
0 0.35390625 0.975 0.08828125 0.05
2 0.53828125 0.634375 0.10390625 0.0875
2 0.6 0.68984375 0.090625 0.06484375
2 0.7140625 0.509375 0.11796875 0.09453125
2 0.6625 0.59375 0.115625 0.0828125
2 0.69453125 0.671875 0.1203125 0.0828125
2 0.9078125 0.60078125 0.1421875 0.09375
2 0.78671875 0.5890625 0.1296875 0.08671875
2 0.7875 0.66875 0.11484375 0.08203125
1 0.90625 0.77734375 0.06484375 0.05625
1 0.88046875 0.8234375 0.08046875 0.0453125
1 0.878125 0.84140625 0.071875 0.0546875
0 0.8 0.84296875 0.065625 0.05234375
0 0.92890625 0.8765625 0.08125 0.06328125
0 0.91796875 0.934375 0.08671875 0.0671875
2 0.78046875 0.87421875 0.06484375 0.05546875
2 0.8359375 0.896875 0.07578125 0.059375
2 0.86875 0.97421875 0.071875 0.05
2 0.84140625 0.96875 0.0640625 0.0515625
2 0.77265625 0.9328125 0.059375 0.05078125
2 0.78125 0.990625 0.03984375 0.01796875
2 0.97734375 0.28984375 0.040625 0.03359375
2 0.9859375 0.32578125 0.028125 0.0296875
2 0.953125 0.35546875 0.03671875 0.02734375
2 0.97421875 0.42421875 0.040625 0.0359375