2 0.1109375 0.03515625 0.13828125 0.0703125
2 0.06640625 0.096875 0.1328125 0.1125
2 0.3375 0.12890625 0.13203125 0.1078125
2 0.04765625 0.2 0.09453125 0.08359375
2 0.2265625 0.228125 0.134375 0.10859375
2 0.11640625 0.28359375 0.09453125 0.0734375
0 0.4421875 0.28828125 0.11484375 0.09296875
1 0.61171875 0.275 0.12265625 0.0921875
2 0.56015625 0.36328125 0.1 0.075
2 0.40703125 0.4015625 0.09296875 0.06953125
2 0.52265625 0.4203125 0.08984375 0.06796875
2 0.39375 0.4515625 0.08515625 0.05625
2 0.4875 0.478125 0.0734375 0.0515625
2 0.41796875 0.50234375 0.06015625 0.046875
0 0.04609375 0.7453125 0.0421875 0.0328125
1 0.49765625 0.87109375 0.08046875 0.06796875
0 0.43359375 0.76875 0.06328125 0.0515625
2 0.40703125 0.7953125 0.04921875 0.03671875
2 0.37578125 0.815625 0.06015625 0.046875
2 0.365625 0.86015625 0.05546875 0.04921875
2 0.44296875 0.9125 0.06796875 0.05703125
2 0.403125 0.95859375 0.0578125 0.0453125
2 0.4484375 0.97578125 0.07109375 0.0484375
2 0.484375 0.78125 0.03203125 0.028125
2 0.515625 0.74921875 0.0453125 0.03515625
1 0.57109375 0.7859375 0.05859375 0.046875
0 0.540625 0.8359375 0.04609375 0.040625
0 0.6625 0.909375 0.06953125 0.0546875
0 0.68984375 0.81796875 0.06328125 0.0515625
2 0.63203125 0.71953125 0.05625 0.04453125
2 0.55859375 0.740625 0.05546875 0.040625