2 0.446875 0.05546875 0.053125 0.04765625
2 0.44296875 0.1 0.04609375 0.0390625
2 0.39140625 0.10078125 0.0546875 0.04453125
2 0.3578125 0.05859375 0.06015625 0.0484375
0 0.215625 0.02578125 0.06484375 0.05
2 0.2234375 0.0640625 0.0640625 0.04609375
2 0.23125 0.00625 0.04296875 0.01171875
1 0.45859375 0.5796875 0.04609375 0.03671875
1 0.4390625 0.571875 0.04140625 0.0359375
2 0.48828125 0.5984375 0.0453125 0.034375
2 0.4703125 0.5625 0.03125 0.025
1 0.48671875 0.478125 0.0296875 0.02265625
2 0.49921875 0.49375 0.028125 0.0203125
2 0.48203125 0.42265625 0.03671875 0.0265625
2 0.51953125 0.40078125 0.0296875 0.02109375
0 0.5453125 0.39453125 0.034375 0.025
1 0.7171875 0.21640625 0.0359375 0.0265625
1 0.634375 0.23515625 0.034375 0.028125
0 0.696875 0.2375 0.0328125 0.025
1 0.6453125 0.29453125 0.03203125 0.0265625
2 0.625 0.2546875 0.03203125 0.02578125
2 0.61953125 0.28359375 0.0265625 0.021875
2 0.634375 0.321875 0.0328125 0.02578125
2 0.6625 0.3265625 0.03046875 0.02421875
0 0.66640625 0.26796875 0.028125 0.021875
2 0.684375 0.28828125 0.03125 0.02421875
2 0.6671875 0.28359375 0.01796875 0.01328125
2 0.70390625 0.25859375 0.021875 0.01953125
2 0.68828125 0.2609375 0.02421875 0.021875
2 0.828125 0.08671875 0.02578125 0.01875
2 0.80859375 0.08359375 0.025 0.02109375
2 0.8046875 0.0671875 0.0234375 0.01953125
0 0.84765625 0.06328125 0.0234375 0.0203125
0 0.8546875 0.0328125 0.02265625 0.0203125
2 0.79453125 0.01640625 0.01953125 0.01640625
2 0.86328125 0.0734375 0.01953125 0.01484375
2 0.9 0.05390625 0.01875 0.015625
1 0.8859375 0.203125 0.0203125 0.015625
1 0.8828125 0.21796875 0.0171875 0.01484375
2 0.87421875 0.22265625 0.01875 0.01484375
2 0.92890625 0.246875 0.01796875 0.0140625
2 0.9015625 0.25 0.01953125 0.0140625