1 0.60234375 0.26640625 0.14921875 0.146875
1 0.29140625 0.296875 0.15625 0.13203125
0 0.3015625 0.4171875 0.14765625 0.1203125
2 0.37734375 0.55078125 0.15390625 0.1171875
2 0.20078125 0.5453125 0.15625 0.1203125
2 0.10625 0.684375 0.15 0.1078125
2 0.19609375 0.796875 0.12578125 0.10234375
2 0.4515625 0.5890625 0.115625 0.10078125
2 0.30234375 0.6640625 0.1421875 0.1140625
2 0.38359375 0.6796875 0.1 0.0921875
2 0.4671875 0.76015625 0.09765625 0.08671875
2 0.51640625 0.6796875 0.11796875 0.09296875
2 0.540625 0.60703125 0.10078125 0.08046875
0 0.60625 0.50234375 0.146875 0.0921875
2 0.68515625 0.52734375 0.11015625 0.08046875
2 0.62265625 0.6078125 0.0671875 0.05859375
2 0.6484375 0.61484375 0.11171875 0.0875
2 0.70625 0.63984375 0.05625 0.0578125
2 0.7796875 0.53203125 0.10546875 0.0703125
2 0.79765625 0.58359375 0.12265625 0.0796875
2 0.7984375 0.66640625 0.1046875 0.08203125