0 0.29921875 0.33984375 0.16953125 0.1328125
0 0.3453125 0.4375 0.1265625 0.0984375
2 0.459375 0.559375 0.0578125 0.084375
2 0.39140625 0.5640625 0.13203125 0.10625
2 0.4875 0.64140625 0.09375 0.06796875
2 0.475 0.6875 0.11875 0.09921875
2 0.5140625 0.7609375 0.1015625 0.0828125
2 0.5109375 0.83046875 0.08671875 0.06953125
2 0.46171875 0.81171875 0.04921875 0.0578125
0 0.72890625 0.58515625 0.0671875 0.04375
1 0.7421875 0.5296875 0.0578125 0.04140625
0 0.65390625 0.53515625 0.0609375 0.04453125
2 0.62578125 0.578125 0.05546875 0.03984375
2 0.6015625 0.6203125 0.0515625 0.03828125
2 0.70546875 0.63671875 0.0625 0.03515625
2 0.6953125 0.67578125 0.0515625 0.034375
0 0.66953125 0.50859375 0.0578125 0.0375