2 0.41640625 0.18203125 0.20859375 0.1796875
2 0.3859375 0.378125 0.22265625 0.18203125
2 0.57734375 0.4234375 0.1359375 0.10625
2 0.875 0.509375 0.10078125 0.084375
2 0.65078125 0.5046875 0.1359375 0.1109375
2 0.47265625 0.5546875 0.16875 0.12421875
2 0.653125 0.61875 0.1234375 0.09453125
2 0.778125 0.6890625 0.1 0.084375
2 0.47109375 0.696875 0.08359375 0.0609375
2 0.50859375 0.653125 0.1171875 0.0921875
2 0.271875 0.64921875 0.2109375 0.140625
1 0.07109375 0.56640625 0.07421875 0.053125
0 0.11796875 0.6578125 0.06875 0.053125
2 0.16640625 0.77890625 0.1765625 0.134375
2 0.82109375 0.73359375 0.084375 0.06875
2 0.16796875 0.88828125 0.16484375 0.11875
2 0.33359375 0.90703125 0.11640625 0.11171875
2 0.8859375 0.59296875 0.0859375 0.059375
2 0.296875 0.4046875 0.1015625 0.11640625
2 0.1296875 0.7203125 0.0609375 0.0453125
0 0.03046875 0.73515625 0.059375 0.04921875