2 0.96328125 0.5921875 0.071875 0.12734375
2 0.9015625 0.6109375 0.06015625 0.05078125
2 0.9328125 0.65390625 0.1125 0.08046875
1 0.27890625 0.48828125 0.13046875 0.09609375
1 0.384375 0.45 0.11640625 0.084375
0 0.4125 0.40234375 0.1140625 0.07734375
1 0.45703125 0.45859375 0.0515625 0.04140625
0 0.45546875 0.51015625 0.1015625 0.075
1 0.53359375 0.44375 0.109375 0.0796875
2 0.36640625 0.5109375 0.1140625 0.05859375
2 0.37265625 0.546875 0.11015625 0.0546875
1 0.35390625 0.6234375 0.109375 0.084375
2 0.4640625 0.584375 0.09921875 0.075
2 0.49296875 0.63828125 0.08359375 0.06171875
2 0.51640625 0.659375 0.053125 0.03828125
1 0.234375 0.021875 0.0625 0.04375
2 0.25234375 0.06328125 0.0515625 0.04140625
0 0.20078125 0.06015625 0.0578125 0.04609375