5 0.6140625 0.721875 0.04921875 0.0375
5 0.515625 0.75546875 0.24296875 0.2171875
5 0.39140625 0.846875 0.04375 0.02890625
5 0.48828125 0.65625 0.14765625 0.07578125
5 0.41171875 0.3796875 0.103125 0.0796875
5 0.03046875 0.26171875 0.0515625 0.02109375
5 0.47109375 0.30625 0.059375 0.03984375
5 0.4125 0.29453125 0.06796875 0.04296875
5 0.36640625 0.21484375 0.121875 0.10703125
5 0.51640625 0.246875 0.15390625 0.10625
5 0.6328125 0.2703125 0.125 0.09296875
5 0.6703125 0.1859375 0.11796875 0.0953125
5 0.73125 0.2328125 0.09453125 0.071875