0 0.515625 0.4984375 0.10546875 0.08359375
1 0.33828125 0.571875 0.11171875 0.09453125
1 0.54453125 0.73359375 0.14375 0.11875
2 0.41953125 0.6015625 0.10859375 0.08203125
2 0.6171875 0.6484375 0.1203125 0.096875
2 0.49765625 0.78515625 0.090625 0.05234375
2 0.43046875 0.72109375 0.11875 0.1
2 0.46484375 0.66953125 0.0875 0.053125
2 0.334375 0.64765625 0.1 0.06484375
2 0.3078125 0.7234375 0.1234375 0.10390625
2 0.66796875 0.678125 0.07734375 0.06328125
2 0.3625 0.81640625 0.11171875 0.08125
2 0.29921875 0.81875 0.0609375 0.06796875
2 0.5421875 0.6640625 0.0578125 0.03203125
2 0.5390625 0.56171875 0.075 0.05703125
2 0.4953125 0.559375 0.05546875 0.06015625