1 0.4265625 0.17109375 0.2296875 0.17734375
2 0.778125 0.3125 0.21875 0.16953125
2 0.8703125 0.28515625 0.06484375 0.096875
2 0.75 0.47734375 0.2203125 0.14609375
2 0.69140625 0.52109375 0.1484375 0.0875
2 0.67578125 0.640625 0.21171875 0.1578125
2 0.61015625 0.58671875 0.08203125 0.0578125
2 0.54921875 0.71640625 0.0625 0.05390625
2 0.40859375 0.36953125 0.1984375 0.1546875
2 0.49765625 0.39140625 0.09453125 0.10546875
2 0.3546875 0.50703125 0.20625 0.13203125
2 0.34296875 0.6359375 0.16875 0.12578125