1 0.29296875 0.22109375 0.18515625 0.14296875
0 0.225 0.290625 0.11640625 0.10859375
0 0.275 0.38515625 0.1671875 0.11875
0 0.6171875 0.26640625 0.159375 0.13671875
2 0.76484375 0.42109375 0.15234375 0.12421875
2 0.5421875 0.42578125 0.15390625 0.115625
2 0.4 0.45 0.14921875 0.10078125
2 0.11171875 0.353125 0.1421875 0.115625
2 0.059375 0.5 0.115625 0.10703125
2 0.2453125 0.52734375 0.140625 0.10703125
2 0.38828125 0.6375 0.13046875 0.09921875
2 0.6015625 0.5515625 0.11328125 0.09375
2 0.553125 0.5859375 0.1484375 0.11953125
2 0.396875 0.825 0.10859375 0.08125
2 0.603125 0.67734375 0.11328125 0.0921875
2 0.6265625 0.75234375 0.1015625 0.08515625
2 0.603125 0.85859375 0.0921875 0.07890625
2 0.4859375 0.80390625 0.09453125 0.06953125
2 0.74453125 0.67734375 0.10625 0.08359375
2 0.784375 0.80078125 0.0828125 0.0765625
2 0.875 0.67734375 0.11796875 0.090625