5 0.06875 0.10078125 0.05234375 0.0515625
5 0.0453125 0.1296875 0.06953125 0.05390625
5 0.2484375 0.2296875 0.12578125 0.0953125
5 0.36796875 0.403125 0.05546875 0.04453125
5 0.08203125 0.171875 0.02578125 0.0203125
5 0.10234375 0.58203125 0.0875 0.0578125
3 0.065625 0.640625 0.1125 0.07890625
5 0.13515625 0.61796875 0.06796875 0.0390625
5 0.1546875 0.671875 0.1015625 0.0890625
3 0.884375 0.7390625 0.05703125 0.04609375
3 0.4984375 0.73515625 0.07890625 0.06171875
5 0.540625 0.77421875 0.0578125 0.04765625
5 0.5828125 0.76953125 0.05703125 0.04921875
3 0.70390625 0.5078125 0.12890625 0.09140625
5 0.67890625 0.59609375 0.09921875 0.0875