3 0.0296875 0.22734375 0.0578125 0.06953125
5 0.315625 0.253125 0.0734375 0.09609375
5 0.38125 0.3171875 0.09296875 0.13359375
5 0.3328125 0.334375 0.05078125 0.08984375
5 0.428125 0.27421875 0.01328125 0.01640625
5 0.1609375 0.4734375 0.05625 0.0671875
5 0.2125 0.496875 0.053125 0.06171875
5 0.17265625 0.52890625 0.059375 0.0765625
5 0.134375 0.5296875 0.04140625 0.05234375
5 0.13515625 0.5703125 0.03828125 0.04453125
5 0.2390625 0.60859375 0.0546875 0.06953125
5 0.27734375 0.63359375 0.040625 0.05859375
5 0.49921875 0.79765625 0.0765625 0.1015625
4 0.5453125 0.72109375 0.0828125 0.1140625
4 0.4671875 0.68984375 0.0859375 0.12578125
5 0.78046875 0.42890625 0.17890625 0.2140625
5 0.6625 0.52578125 0.121875 0.175
5 0.73125 0.540625 0.05234375 0.0703125
4 0.6703125 0.41484375 0.08046875 0.13125
3 0.87109375 0.28515625 0.14921875 0.1890625
5 0.73984375 0.2546875 0.1171875 0.16796875
5 0.59609375 0.04921875 0.0484375 0.08515625