0 0.84765625 0.2234375 0.29140625 0.1921875
1 0.55859375 0.25859375 0.27734375 0.21015625
2 0.76953125 0.3859375 0.21328125 0.15703125
1 0.31953125 0.3921875 0.10546875 0.09140625
1 0.22421875 0.396875 0.11796875 0.08984375
2 0.54921875 0.484375 0.19765625 0.13984375
2 0.75078125 0.58359375 0.19375 0.13671875
2 0.67578125 0.74140625 0.0921875 0.071875
2 0.52734375 0.7171875 0.1125 0.08125
2 0.4828125 0.66640625 0.15 0.10859375
2 0.36953125 0.65234375 0.07421875 0.05625
2 0.39375 0.57421875 0.0671875 0.0625
2 0.3203125 0.6 0.09765625 0.07734375
0 0.38203125 0.48046875 0.09296875 0.0734375
1 0.2421875 0.490625 0.12734375 0.09296875
1 0.02734375 0.43828125 0.0546875 0.05625
1 0.034375 0.38125 0.06875 0.05390625