1 0.95546875 0.46328125 0.0875 0.09921875
2 0.94375 0.5796875 0.11171875 0.0921875
2 0.91171875 0.64296875 0.1140625 0.0703125
2 0.971875 0.7109375 0.05625 0.0671875
1 0.24453125 0.34765625 0.1625 0.13359375
0 0.37421875 0.4859375 0.18984375 0.140625
2 0.26796875 0.4828125 0.0875 0.10234375
0 0.37734375 0.5640625 0.13046875 0.0671875
0 0.440625 0.6375 0.16953125 0.12734375
2 0.3734375 0.69765625 0.10390625 0.07421875
0 0.72578125 0.453125 0.15859375 0.1109375
0 0.7125 0.575 0.15703125 0.11484375
0 0.578125 0.484375 0.16953125 0.12265625