1 0.9578125 0.11796875 0.08125 0.15625
2 0.80625 0.09765625 0.1890625 0.15390625
1 0.5140625 0.34375 0.10703125 0.0765625
1 0.3578125 0.40546875 0.10703125 0.0765625
1 0.2515625 0.43125 0.09609375 0.0703125
1 0.29140625 0.4546875 0.125 0.09453125
1 0.20234375 0.52578125 0.16328125 0.103125
1 0.24921875 0.58046875 0.1765625 0.1390625
1 0.39921875 0.49921875 0.1375 0.10546875
1 0.53125 0.49453125 0.1265625 0.103125
2 0.10234375 0.496875 0.13125 0.0890625
2 0.18125 0.6296875 0.10703125 0.07890625
2 0.31875 0.66953125 0.1546875 0.1078125
2 0.428125 0.71484375 0.1359375 0.090625
2 0.4234375 0.815625 0.14296875 0.11640625
2 0.5515625 0.7515625 0.1375 0.1078125
2 0.61328125 0.778125 0.12109375 0.09375
2 0.7640625 0.68828125 0.1109375 0.08046875
2 0.68984375 0.66171875 0.10546875 0.084375
2 0.54921875 0.63203125 0.1265625 0.09609375
0 0.59609375 0.5578125 0.1203125 0.0796875
2 0.5828125 0.86640625 0.1046875 0.10234375
0 0.43203125 0.45625 0.0890625 0.0703125
2 0.55703125 0.42890625 0.08046875 0.06015625
2 0.48125 0.859375 0.109375 0.0765625
2 0.5 0.89765625 0.0765625 0.0578125
2 0.71328125 0.8765625 0.0265625 0.01796875