1 0.33203125 0.27578125 0.1609375 0.1171875
0 0.325 0.38203125 0.1515625 0.10625
2 0.3453125 0.515625 0.1171875 0.0953125
2 0.52890625 0.434375 0.11875 0.1015625
2 0.43828125 0.409375 0.03203125 0.02890625
2 0.3765625 0.4375 0.0421875 0.03984375
2 0.4109375 0.37109375 0.04140625 0.05234375
2 0.425 0.39921875 0.06640625 0.053125
2 0.546875 0.56875 0.10703125 0.096875
2 0.425 0.453125 0.040625 0.0421875
2 0.45234375 0.42734375 0.0375 0.040625
2 0.4265625 0.634375 0.07734375 0.1
2 0.6265625 0.66640625 0.0625 0.05625
2 0.57109375 0.74140625 0.09765625 0.08671875
2 0.5125 0.734375 0.0671875 0.06796875
2 0.4953125 0.80234375 0.07734375 0.07734375
2 0.6078125 0.85078125 0.071875 0.08515625
0 0.62578125 0.9734375 0.0546875 0.05234375
0 0.9265625 0.31015625 0.0671875 0.0484375
2 0.94375 0.334375 0.05625 0.04609375
2 0.96640625 0.36796875 0.05859375 0.0484375
2 0.96875 0.4109375 0.06015625 0.0421875
2 0.96171875 0.4546875 0.05390625 0.0421875
2 0.978125 0.47734375 0.04296875 0.03828125
2 0.953125 0.49140625 0.0328125 0.0328125
2 0.68515625 0.94921875 0.0546875 0.05234375