1 0.5734375 0.08984375 0.20703125 0.17890625
1 0.38984375 0.184375 0.16328125 0.1453125
1 0.02109375 0.1078125 0.0421875 0.0796875
2 0.025 0.1984375 0.0484375 0.0671875
0 0.25390625 0.253125 0.1609375 0.1265625
2 0.0375 0.25546875 0.0734375 0.05859375
2 0.040625 0.296875 0.07265625 0.0453125
1 0.6 0.31796875 0.1734375 0.13515625
2 0.37578125 0.340625 0.15390625 0.11484375
1 0.45546875 0.39765625 0.14296875 0.1171875
2 0.2515625 0.3828125 0.13828125 0.1109375
1 0.23046875 0.4390625 0.0953125 0.05625
0 0.57890625 0.43515625 0.15390625 0.1109375
2 0.09609375 0.4078125 0.078125 0.0546875
2 0.0203125 0.38203125 0.03984375 0.05390625
2 0.01171875 0.428125 0.0234375 0.0390625
2 0.05546875 0.4625 0.07265625 0.053125
2 0.13046875 0.475 0.05546875 0.0421875
2 0.25 0.49921875 0.1015625 0.090625
2 0.33359375 0.52109375 0.13828125 0.10703125
2 0.440625 0.49453125 0.12265625 0.10078125
2 0.06640625 0.5046875 0.04453125 0.0328125
2 0.01953125 0.55625 0.0390625 0.0328125
2 0.27265625 0.56015625 0.0765625 0.03828125
2 0.4171875 0.60859375 0.10703125 0.0953125
2 0.3328125 0.62421875 0.103125 0.084375
2 0.54375 0.584375 0.1265625 0.096875
2 0.2484375 0.64140625 0.07578125 0.0609375
2 0.528125 0.678125 0.109375 0.0875
2 0.41953125 0.74609375 0.096875 0.0796875
2 0.52734375 0.79296875 0.07109375 0.0640625
1 0.56953125 0.94140625 0.05859375 0.05234375