1 0.6578125 0.12578125 0.12578125 0.1046875
1 0.7875 0.2078125 0.20234375 0.15625
2 0.6671875 0.353125 0.1359375 0.0984375
1 0.59921875 0.40546875 0.1953125 0.14765625
2 0.79609375 0.4171875 0.1984375 0.146875
2 0.54296875 0.51171875 0.12578125 0.11328125
2 0.64921875 0.53984375 0.184375 0.14140625
2 0.65546875 0.63828125 0.14453125 0.09296875
2 0.53203125 0.63984375 0.07265625 0.078125
2 0.58671875 0.6609375 0.12265625 0.1015625
2 0.53515625 0.69453125 0.08984375 0.0640625
2 0.67109375 0.68984375 0.07890625 0.03515625
2 0.5765625 0.7359375 0.07890625 0.05078125
2 0.6875 0.74765625 0.07890625 0.06875
2 0.6296875 0.77109375 0.1078125 0.08828125
2 0.6421875 0.83125 0.06953125 0.046875
2 0.33984375 0.8453125 0.04609375 0.046875
2 0.30390625 0.83828125 0.06796875 0.0546875
2 0.3234375 0.771875 0.08046875 0.0625
0 0.23828125 0.66796875 0.12265625 0.09453125
2 0.290625 0.653125 0.05546875 0.0625
2 0.28828125 0.7078125 0.0859375 0.06015625
1 0.24140625 0.54375 0.13828125 0.09609375
1 0.30546875 0.55234375 0.08828125 0.0859375
1 0.1890625 0.49375 0.12890625 0.090625