1 0.38203125 0.2140625 0.26796875 0.2046875
1 0.64296875 0.36484375 0.20234375 0.146875
1 0.415625 0.52109375 0.17578125 0.13671875
2 0.59296875 0.534375 0.15859375 0.11953125
2 0.43671875 0.65234375 0.15546875 0.121875
2 0.58984375 0.71875 0.14453125 0.11171875
1 0.35234375 0.65390625 0.053125 0.075
1 0.26796875 0.721875 0.11015625 0.08515625
1 0.37421875 0.775 0.10390625 0.084375
1 0.3328125 0.83046875 0.096875 0.0796875
2 0.2375 0.82421875 0.0890625 0.0703125
2 0.29296875 0.9 0.08984375 0.0734375
2 0.51328125 0.8234375 0.15 0.12265625
2 0.44375 0.82890625 0.03828125 0.0796875
2 0.56171875 0.87421875 0.09609375 0.07421875
1 0.03515625 0.3078125 0.06953125 0.06875
2 0.03671875 0.53046875 0.0734375 0.0578125
2 0.03359375 0.59609375 0.06640625 0.04921875
2 0.02265625 0.3890625 0.04375 0.065625
2 0.05390625 0.55078125 0.05078125 0.0328125
1 0.02421875 0.2421875 0.04765625 0.05546875