1 0.6671875 0.3984375 0.12421875 0.09296875
1 0.7921875 0.55703125 0.1453125 0.09453125
1 0.2921875 0.6125 0.10078125 0.07734375
1 0.15234375 0.409375 0.103125 0.07890625
0 0.6515625 0.515625 0.1078125 0.08125
0 0.18828125 0.6328125 0.09609375 0.06875
2 0.62734375 0.5953125 0.09765625 0.0765625
2 0.59375 0.64453125 0.08828125 0.06171875
2 0.69296875 0.66015625 0.1234375 0.0859375
2 0.64296875 0.72265625 0.09921875 0.08203125
2 0.5671875 0.72109375 0.0671875 0.07109375
1 0.19921875 0.5359375 0.10078125 0.071875
0 0.12734375 0.48203125 0.09296875 0.06953125
2 0.0640625 0.52578125 0.08671875 0.05390625
2 0.0921875 0.615625 0.078125 0.053125
2 0.21875 0.6953125 0.08125 0.0625
2 0.31484375 0.7015625 0.07265625 0.0515625