2 0.86953125 0.5890625 0.13671875 0.10390625
2 0.71328125 0.50625 0.12734375 0.08359375
2 0.6859375 0.6390625 0.103125 0.0875
2 0.7234375 0.65625 0.0671875 0.059375
2 0.653125 0.59140625 0.140625 0.08984375
2 0.59140625 0.678125 0.11328125 0.08984375
2 0.64140625 0.47578125 0.10625 0.08359375
2 0.69453125 0.5046875 0.1171875 0.096875
0 0.61484375 0.32578125 0.11328125 0.0828125
2 0.60625 0.38515625 0.09921875 0.07109375
2 0.45 0.4203125 0.16796875 0.12890625
2 0.403125 0.5609375 0.14921875 0.1078125
2 0.4375 0.68125 0.15078125 0.1078125
2 0.37265625 0.76796875 0.1171875 0.1
2 0.24453125 0.5640625 0.19375 0.1328125
2 0.27421875 0.75625 0.1125 0.0953125
2 0.17109375 0.7578125 0.12578125 0.0984375
2 0.12734375 0.6796875 0.17890625 0.12578125
2 0.7390625 0.58203125 0.0703125 0.071875