0 0.153125 0.05078125 0.1796875 0.1015625
2 0.14296875 0.14375 0.12890625 0.096875
1 0.6765625 0.103125 0.265625 0.20625
2 0.10703125 0.27734375 0.06796875 0.08671875
1 0.01796875 0.26484375 0.0359375 0.06875
1 0.2890625 0.325 0.34921875 0.3078125
2 0.46328125 0.421875 0.15703125 0.13984375
2 0.634375 0.465625 0.2234375 0.16015625
2 0.09140625 0.4109375 0.1109375 0.075
2 0.1765625 0.453125 0.09453125 0.06640625
1 0.01953125 0.5109375 0.0390625 0.05625
1 0.103125 0.53515625 0.11484375 0.07890625
1 0.20703125 0.5796875 0.10625 0.0734375
2 0.41796875 0.61875 0.18515625 0.1421875
0 0.09296875 0.65546875 0.10703125 0.08515625
2 0.125 0.7203125 0.0875 0.07109375
0 0.1984375 0.70390625 0.1 0.0703125
2 0.63671875 0.72890625 0.175 0.128125
2 0.4609375 0.80078125 0.15703125 0.1234375