2 0.92265625 0.1796875 0.0859375 0.0578125
2 0.95234375 0.2671875 0.0875 0.06328125
2 0.97890625 0.32265625 0.03984375 0.05546875
1 0.26796875 0.19140625 0.09453125 0.08515625
0 0.37578125 0.23828125 0.11015625 0.090625
2 0.25703125 0.27421875 0.10546875 0.08203125
2 0.2921875 0.34140625 0.08515625 0.065625
2 0.2890625 0.403125 0.08828125 0.0625
2 0.34921875 0.45234375 0.07109375 0.0546875
2 0.28515625 0.4671875 0.07109375 0.0484375
2 0.34296875 0.5 0.06015625 0.04453125
2 0.3171875 0.51484375 0.04140625 0.03046875
2 0.9796875 0.60625 0.03828125 0.0296875
1 0.1296875 0.63125 0.07578125 0.053125
0 0.096875 0.6734375 0.08359375 0.06171875
1 0.4515625 0.6765625 0.08515625 0.0609375
1 0.5203125 0.72109375 0.09921875 0.08125
2 0.5984375 0.8078125 0.06484375 0.0546875
2 0.66484375 0.80859375 0.0703125 0.05078125
0 0.64609375 0.83984375 0.0703125 0.053125
1 0.56875 0.84609375 0.084375 0.07265625