5 0.1171875 0.05625 0.078125 0.06640625
5 0.1828125 0.0859375 0.07109375 0.0625
3 0.02109375 0.14375 0.03515625 0.03046875
5 0.01328125 0.20625 0.02421875 0.03203125
4 0.04296875 0.2328125 0.03359375 0.02109375
4 0.1421875 0.24609375 0.0546875 0.0515625
3 0.1171875 0.2375 0.04609375 0.04375
5 0.253125 0.21875 0.06875 0.0546875
5 0.21328125 0.253125 0.05859375 0.04765625
3 0.0734375 0.3078125 0.04296875 0.02734375
3 0.07109375 0.3296875 0.04453125 0.0296875
5 0.046875 0.32890625 0.03046875 0.028125
5 0.13203125 0.35625 0.0296875 0.01953125
3 0.27578125 0.35234375 0.05703125 0.0421875
5 0.265625 0.38828125 0.06484375 0.05078125
3 0.315625 0.3875 0.05625 0.040625
5 0.43046875 0.421875 0.128125 0.0890625
5 0.40078125 0.49453125 0.1203125 0.0796875
5 0.309375 0.503125 0.10546875 0.07421875
5 0.703125 0.54453125 0.15234375 0.10703125
5 0.5765625 0.58046875 0.15390625 0.11484375
3 0.37578125 0.61484375 0.04921875 0.03359375
3 0.54296875 0.65625 0.08984375 0.0671875