2 0.53125 0.05078125 0.05703125 0.0484375
2 0.97421875 0.153125 0.05078125 0.09453125
2 0.975 0.340625 0.05 0.0671875
2 0.9078125 0.30859375 0.0984375 0.06796875
2 0.95390625 0.2953125 0.0734375 0.0546875
2 0.8765625 0.18984375 0.05390625 0.03984375
2 0.859375 0.2359375 0.0984375 0.07109375
2 0.81328125 0.21328125 0.0796875 0.0640625
2 0.93671875 0.2453125 0.08515625 0.059375
2 0.86875 0.290625 0.071875 0.0546875
2 0.753125 0.28203125 0.06953125 0.05234375
2 0.8203125 0.3375 0.0609375 0.046875
2 0.71015625 0.34453125 0.05234375 0.04140625
2 0.725 0.39921875 0.021875 0.0171875
2 0.7046875 0.38125 0.01875 0.015625
2 0.80234375 0.40625 0.05859375 0.04765625
2 0.94140625 0.38671875 0.084375 0.06015625
2 0.97890625 0.446875 0.040625 0.04765625
2 0.91484375 0.43828125 0.02265625 0.01640625
2 0.81953125 0.44765625 0.0296875 0.0203125
2 0.88203125 0.6796875 0.1 0.07421875
2 0.52578125 0.41640625 0.103125 0.0890625
2 0.5703125 0.57734375 0.1296875 0.09609375
2 0.5 0.5390625 0.06328125 0.0484375
2 0.4109375 0.44609375 0.13359375 0.0984375
2 0.35 0.3984375 0.03125 0.0203125
0 0.3484375 0.48125 0.0515625 0.04453125
2 0.31328125 0.43125 0.04296875 0.02890625
2 0.3640625 0.52578125 0.07421875 0.04921875
0 0.38125 0.590625 0.0921875 0.06875
0 0.3375 0.565625 0.08203125 0.0640625
2 0.3203125 0.6078125 0.06484375 0.05234375
0 0.275 0.6578125 0.0734375 0.05703125
0 0.2328125 0.59765625 0.06953125 0.0515625
1 0.159375 0.53671875 0.059375 0.03515625
2 0.22890625 0.64609375 0.05703125 0.0453125
2 0.35234375 0.68671875 0.08046875 0.065625
2 0.3203125 0.70859375 0.06953125 0.05390625
2 0.35546875 0.77265625 0.0640625 0.0484375
2 0.29609375 0.7703125 0.05234375 0.04296875
2 0.25859375 0.784375 0.04609375 0.0328125
2 0.4625 0.628125 0.06171875 0.05
2 0.509375 0.66484375 0.04296875 0.03125
2 0.41796875 0.675 0.06875 0.046875
2 0.43125 0.70390625 0.06015625 0.0484375
2 0.6984375 0.12890625 0.04609375 0.034375
2 0.409375 0.55234375 0.0671875 0.05