2 0.3796875 0.46875 0.20078125 0.12265625
2 0.29453125 0.5046875 0.13828125 0.09375
2 0.340625 0.55546875 0.10859375 0.0578125
2 0.1859375 0.625 0.17265625 0.1296875
2 0.28515625 0.65 0.1359375 0.10703125
2 0.39609375 0.6765625 0.18671875 0.128125
2 0.43203125 0.7671875 0.1671875 0.11484375
2 0.54453125 0.7828125 0.14296875 0.1125
2 0.4109375 0.93828125 0.18515625 0.12265625
2 0.53671875 0.93671875 0.11640625 0.115625
1 0.53359375 0.5625 0.046875 0.0484375
1 0.5015625 0.60078125 0.0515625 0.034375