2 0.934375 0.29453125 0.06015625 0.04140625
2 0.8921875 0.32265625 0.0515625 0.03984375
2 0.86171875 0.2828125 0.0625 0.0421875
2 0.71484375 0.33828125 0.05625 0.0375
2 0.76015625 0.26484375 0.0625 0.04375
1 0.8328125 0.21484375 0.0796875 0.05546875
1 0.80234375 0.159375 0.08203125 0.059375
1 0.6984375 0.1734375 0.06484375 0.05703125
2 0.3046875 0.7859375 0.0890625 0.0703125
2 0.37265625 0.73203125 0.07109375 0.05234375
2 0.65078125 0.84921875 0.08203125 0.06796875
2 0.6828125 0.75859375 0.05390625 0.03984375
2 0.5734375 0.74765625 0.07265625 0.065625
0 0.49453125 0.73984375 0.10625 0.0828125
1 0.27421875 0.43046875 0.109375 0.07890625
1 0.21484375 0.50546875 0.1265625 0.0921875
1 0.425 0.671875 0.0890625 0.0703125
1 0.45234375 0.5625 0.096875 0.06171875
1 0.48125 0.6125 0.12109375 0.096875
1 0.328125 0.61484375 0.1265625 0.09375