2 0.9171875 0.2078125 0.15546875 0.12421875
1 0.27890625 0.31484375 0.1515625 0.11328125
1 0.7375 0.3578125 0.18515625 0.13828125
0 0.175 0.40078125 0.12734375 0.0890625
2 0.29140625 0.425 0.12265625 0.0890625
0 0.853125 0.453125 0.1796875 0.1296875
2 0.2546875 0.52734375 0.1109375 0.08046875
2 0.77578125 0.53125 0.11171875 0.1
2 0.69140625 0.5421875 0.1640625 0.1265625
2 0.73515625 0.63984375 0.1421875 0.1
2 0.79765625 0.63359375 0.0765625 0.0859375
1 0.14453125 0.63671875 0.09765625 0.07109375
1 0.06015625 0.7 0.1109375 0.08046875
1 0.15859375 0.678125 0.10078125 0.06640625
0 0.19453125 0.72421875 0.0953125 0.06953125
2 0.19140625 0.77890625 0.0765625 0.0546875
2 0.18203125 0.83359375 0.0765625 0.0578125
2 0.12109375 0.7890625 0.08828125 0.06953125