2 0.96875 0.30078125 0.06015625 0.071875
2 0.9578125 0.259375 0.08203125 0.05703125
2 0.8921875 0.18671875 0.09296875 0.07109375
2 0.89921875 0.1296875 0.08046875 0.06171875
2 0.80546875 0.1015625 0.09140625 0.07421875
2 0.72421875 0.15234375 0.071875 0.0359375
2 0.38046875 0.06484375 0.07265625 0.065625
2 0.1234375 0.06015625 0.12734375 0.0734375
1 0.11171875 0.13359375 0.18046875 0.1390625
1 0.17734375 0.4015625 0.1828125 0.13046875
2 0.04375 0.403125 0.08671875 0.10703125
1 0.30546875 0.33125 0.17734375 0.125
2 0.23046875 0.234375 0.12578125 0.1015625
2 0.175 0.31171875 0.12734375 0.08671875
2 0.29609375 0.2484375 0.04609375 0.04765625
2 0.33046875 0.26796875 0.04375 0.02421875
0 0.37890625 0.53125 0.19296875 0.134375
2 0.27890625 0.6015625 0.1421875 0.10546875
2 0.19765625 0.53984375 0.1140625 0.08671875
2 0.1953125 0.484375 0.04453125 0.03125
2 0.35703125 0.4625 0.07265625 0.034375
2 0.52890625 0.53359375 0.13515625 0.1015625
2 0.32890625 0.71796875 0.10078125 0.09296875
2 0.4390625 0.71953125 0.15390625 0.1265625
2 0.57421875 0.646875 0.11796875 0.0921875
2 0.528125 0.84375 0.12421875 0.103125
2 0.66328125 0.671875 0.08515625 0.06328125
2 0.75625 0.528125 0.11328125 0.08515625
2 0.87578125 0.66484375 0.06484375 0.05