1 0.54453125 0.2796875 0.1609375 0.1375
0 0.60625 0.3828125 0.14140625 0.12265625
0 0.43359375 0.36953125 0.1765625 0.14296875
2 0.64140625 0.48359375 0.12265625 0.1015625
2 0.51015625 0.50390625 0.15234375 0.14765625
0 0.52109375 0.44609375 0.15390625 0.08359375
2 0.5890625 0.578125 0.12109375 0.11796875
2 0.625 0.58984375 0.09453125 0.10859375
2 0.571875 0.7296875 0.1234375 0.115625
2 0.46640625 0.875 0.07578125 0.07109375
2 0.31796875 0.79140625 0.13984375 0.11328125
2 0.27890625 0.678125 0.1671875 0.146875
2 0.278125 0.51640625 0.18359375 0.14609375