3 0.20859375 0.671875 0.0734375 0.059375
3 0.27578125 0.63984375 0.12890625 0.09765625
3 0.22109375 0.5140625 0.18984375 0.12265625
4 0.13359375 0.47421875 0.11953125 0.0859375
3 0.07109375 0.421875 0.11171875 0.07890625
3 0.25390625 0.45546875 0.115625 0.0703125
5 0.80546875 0.38515625 0.271875 0.19375
5 0.56640625 0.35546875 0.22890625 0.165625
5 0.45390625 0.08515625 0.20859375 0.1703125
5 0.5203125 0.0375 0.12578125 0.0734375
5 0.62734375 0.10078125 0.140625 0.115625
3 0.74921875 0.0859375 0.12109375 0.090625
3 0.7640625 0.115625 0.09296875 0.046875
5 0.68515625 0.14375 0.07421875 0.06015625
5 0.38671875 0.109375 0.06953125 0.07734375