0 0.609375 0.203125 0.253125 0.2140625
0 0.2421875 0.353125 0.30234375 0.21953125
2 0.3421875 0.54453125 0.22109375 0.16640625
2 0.53671875 0.5125 0.1765625 0.13671875
2 0.46875 0.66015625 0.18359375 0.140625
2 0.55 0.7625 0.0484375 0.03515625
2 0.6265625 0.84765625 0.1046875 0.084375
2 0.5359375 0.8453125 0.096875 0.08671875
2 0.64609375 0.78671875 0.08828125 0.0703125
1 0.940625 0.615625 0.04921875 0.0328125
1 0.9609375 0.62890625 0.02890625 0.034375
1 0.93046875 0.6484375 0.05234375 0.021875
2 0.48203125 0.73984375 0.0421875 0.025