5 0.578125 0.3109375 0.28515625 0.2390625
5 0.78984375 0.4078125 0.24765625 0.17109375
3 0.93828125 0.4234375 0.0765625 0.0578125
5 0.446875 0.4296875 0.08828125 0.06875
4 0.15625 0.79453125 0.10234375 0.06796875
4 0.140625 0.75078125 0.04375 0.0390625
3 0.1875 0.74765625 0.08203125 0.0375
5 0.30390625 0.74453125 0.1578125 0.1140625
5 0.36875 0.64140625 0.15625 0.11953125
5 0.190625 0.665625 0.21015625 0.1546875
5 0.21875 0.1203125 0.05234375 0.0390625
5 0.2578125 0.12734375 0.03984375 0.0390625
5 0.09765625 0.1453125 0.05390625 0.04765625