2 0.26953125 0.94140625 0.05546875 0.040625
2 0.2296875 0.946875 0.04296875 0.0359375
0 0.2125 0.9265625 0.0515625 0.040625
2 0.46875 0.8140625 0.04453125 0.034375
2 0.46796875 0.8625 0.0421875 0.03203125
2 0.4484375 0.46484375 0.03671875 0.02421875
2 0.40546875 0.45859375 0.0359375 0.02734375
2 0.39609375 0.4765625 0.040625 0.0296875
2 0.41796875 0.51640625 0.03671875 0.02890625
2 0.3671875 0.49921875 0.0375 0.028125
2 0.34765625 0.471875 0.04453125 0.0296875
2 0.409375 0.53515625 0.03125 0.0234375