1 0.13359375 0.2484375 0.034375 0.025
0 0.01640625 0.3046875 0.0328125 0.0390625
0 0.1 0.28828125 0.05078125 0.03515625
2 0.053125 0.3046875 0.04609375 0.0359375
2 0.0875 0.31953125 0.04453125 0.03203125
0 0.23828125 0.44765625 0.03359375 0.02109375
2 0.24765625 0.43359375 0.03203125 0.025
1 0.28515625 0.43125 0.0359375 0.0265625
0 0.3484375 0.43203125 0.03671875 0.02421875
2 0.33203125 0.41875 0.03203125 0.0234375
1 0.35390625 0.3390625 0.04140625 0.03828125
0 0.42265625 0.340625 0.0484375 0.040625
2 0.3796875 0.3640625 0.04609375 0.0375
2 0.3828125 0.38828125 0.04609375 0.02734375
0 0.465625 0.46015625 0.0515625 0.0359375
0 0.528125 0.4734375 0.04296875 0.034375
0 0.47734375 0.515625 0.0859375 0.0609375
0 0.61640625 0.55625 0.084375 0.05390625
2 0.4765625 0.575 0.075 0.0546875
1 0.4484375 0.64609375 0.0984375 0.06875
2 0.46796875 0.69765625 0.04765625 0.0375
2 0.54765625 0.65546875 0.08203125 0.06640625
2 0.57734375 0.675 0.0453125 0.03984375
2 0.61953125 0.62109375 0.071875 0.0484375
2 0.49140625 0.7359375 0.065625 0.0484375
2 0.5453125 0.7578125 0.0609375 0.053125
2 0.58515625 0.746875 0.04921875 0.04765625
2 0.675 0.78828125 0.06640625 0.0484375
2 0.78125 0.8125 0.0515625 0.04453125
0 0.75390625 0.8265625 0.06953125 0.06171875
1 0.87265625 0.325 0.04453125 0.02265625
2 0.89296875 0.346875 0.053125 0.0296875