2 0.26875 0.79375 0.1109375 0.08984375
0 0.34140625 0.603125 0.13125 0.10078125
1 0.24375 0.54765625 0.1328125 0.10703125
0 0.20546875 0.521875 0.0875 0.07265625
0 0.6953125 0.52421875 0.14609375 0.09921875
0 0.56796875 0.4734375 0.10703125 0.0890625
2 0.82734375 0.590625 0.14453125 0.0984375
2 0.553125 0.5625 0.10703125 0.08203125
2 0.49375 0.546875 0.06953125 0.0640625
2 0.5609375 0.60078125 0.08203125 0.0359375
2 0.48203125 0.4734375 0.0828125 0.06796875
0 0.61171875 0.43671875 0.1109375 0.08203125
0 0.5140625 0.37890625 0.10625 0.0828125
1 0.53046875 0.3015625 0.103125 0.07578125
1 0.63359375 0.34296875 0.125 0.09765625
0 0.69921875 0.3125 0.07421875 0.0734375
0 0.78671875 0.2859375 0.14609375 0.096875
0 0.79921875 0.3421875 0.0875 0.053125