4 0.5265625 0.6078125 0.16171875 0.11953125
4 0.40703125 0.67265625 0.15546875 0.1203125
4 0.51953125 0.75390625 0.19453125 0.18046875
4 0.3734375 0.915625 0.0984375 0.090625
5 0.453125 0.85703125 0.10546875 0.1015625
5 0.14375 0.8734375 0.12265625 0.096875
5 0.0421875 0.88671875 0.08046875 0.1140625
5 0.103125 0.7859375 0.1203125 0.10703125
5 0.06015625 0.7578125 0.1109375 0.07890625
5 0.11796875 0.709375 0.07265625 0.0515625
5 0.58828125 0.378125 0.215625 0.12421875
5 0.60625 0.4546875 0.1546875 0.0953125
5 0.55546875 0.3140625 0.1453125 0.0984375
5 0.73359375 0.32734375 0.13359375 0.096875