2 0.70390625 0.02734375 0.18984375 0.05390625
2 0.6625 0.19609375 0.1765625 0.146875
2 0.6703125 0.28515625 0.13359375 0.065625
1 0.49140625 0.3703125 0.11875 0.09375
1 0.62578125 0.38984375 0.1296875 0.10078125
2 0.70625 0.41328125 0.128125 0.090625
1 0.51796875 0.48359375 0.14765625 0.1046875
1 0.678125 0.47421875 0.1453125 0.0703125
1 0.3984375 0.52421875 0.134375 0.10703125
2 0.57890625 0.5640625 0.11953125 0.0921875
2 0.6765625 0.5078125 0.1359375 0.084375
2 0.65234375 0.5953125 0.1140625 0.0828125
0 0.49765625 0.60703125 0.134375 0.1015625
2 0.5640625 0.63203125 0.06953125 0.05
0 0.4328125 0.61796875 0.0859375 0.09375
2 0.5265625 0.703125 0.11796875 0.09765625
2 0.45 0.71875 0.09140625 0.08203125
1 0.334375 0.76875 0.09296875 0.0734375
1 0.4234375 0.778125 0.0875 0.06875
2 0.51484375 0.8046875 0.12421875 0.09296875
2 0.42734375 0.84765625 0.1046875 0.08359375
1 0.35625 0.8296875 0.09453125 0.07890625
2 0.28984375 0.8640625 0.05703125 0.04609375
2 0.2484375 0.90078125 0.06171875 0.05234375
2 0.04453125 0.815625 0.05 0.03671875
2 0.0375 0.85703125 0.0375 0.034375
2 0.01328125 0.85703125 0.0265625 0.03671875
0 0.02109375 0.72890625 0.04140625 0.0421875
2 0.02890625 0.75078125 0.04375 0.0359375
2 0.0125 0.746875 0.025 0.04296875
2 0.0140625 0.68046875 0.02734375 0.0546875
2 0.00859375 0.8078125 0.0171875 0.0359375
2 0.1453125 0.1046875 0.05703125 0.0515625
2 0.1828125 0.165625 0.0484375 0.0375
2 0.1921875 0.1171875 0.04921875 0.04453125
2 0.184375 0.20390625 0.03125 0.0234375
2 0.30625 0.19375 0.04453125 0.03515625
2 0.35078125 0.18515625 0.0484375 0.0359375
2 0.13828125 0.02890625 0.05859375 0.05078125
2 0.0875 0.021875 0.05 0.04375
2 0.3484375 0.23515625 0.03828125 0.021875
2 0.14921875 0.18515625 0.02265625 0.01640625