2 0.075 0.18359375 0.08671875 0.1015625
2 0.165625 0.2046875 0.12265625 0.10078125
2 0.48125 0.3515625 0.2078125 0.17578125
2 0.20546875 0.44140625 0.05078125 0.04140625
2 0.63203125 0.47421875 0.1640625 0.12265625
2 0.44375 0.5546875 0.1671875 0.128125
2 0.46484375 0.6578125 0.15078125 0.10625
2 0.58203125 0.7234375 0.18359375 0.13203125
2 0.06015625 0.7140625 0.11953125 0.0609375
2 0.38203125 0.7609375 0.19609375 0.14609375
2 0.46953125 0.86875 0.18515625 0.15234375
2 0.66328125 0.83828125 0.0734375 0.0546875
2 0.55859375 0.84765625 0.0515625 0.07265625
2 0.22890625 0.375 0.07265625 0.05546875