2 0.553125 0.49765625 0.06171875 0.04296875
2 0.53984375 0.540625 0.04765625 0.04609375
0 0.49765625 0.5375 0.06875 0.0515625
0 0.5265625 0.46328125 0.0703125 0.05078125
0 0.55703125 0.28046875 0.046875 0.034375
0 0.56796875 0.30390625 0.0375 0.01953125
0 0.528125 0.27109375 0.0375 0.0328125
0 0.51484375 0.32109375 0.0390625 0.0234375
0 0.49921875 0.3109375 0.0359375 0.03125
0 0.74453125 0.30625 0.028125 0.02265625
0 0.96640625 0.0546875 0.025 0.0203125
2 0.95390625 0.06484375 0.02265625 0.01796875
0 0.903125 0.03046875 0.03203125 0.02890625