0 0.965625 0.19296875 0.0671875 0.09921875
0 0.8546875 0.13671875 0.12890625 0.08046875
0 0.85546875 0.296875 0.090625 0.06953125
0 0.82734375 0.34296875 0.08046875 0.05390625
2 0.82421875 0.25 0.103125 0.06953125
2 0.803125 0.39453125 0.0671875 0.04609375
2 0.90703125 0.3796875 0.1046875 0.071875
2 0.965625 0.403125 0.06796875 0.0546875
2 0.090625 0.4453125 0.15859375 0.12890625
2 0.221875 0.44921875 0.1375 0.12734375
0 0.340625 0.52109375 0.14375 0.07578125
2 0.359375 0.45859375 0.159375 0.11796875
1 0.43828125 0.45390625 0.09296875 0.10859375
0 0.46484375 0.56796875 0.13046875 0.084375
1 0.603125 0.56171875 0.1328125 0.09921875
0 0.684375 0.6578125 0.15390625 0.11171875
2 0.6078125 0.65859375 0.06640625 0.0859375
2 0.6203125 0.70390625 0.0953125 0.04375
2 0.7 0.76796875 0.12265625 0.0875
2 0.6171875 0.75 0.0609375 0.05
2 0.66953125 0.82890625 0.05625 0.05
0 0.17421875 0.2953125 0.07421875 0.059375
2 0.7921875 0.296875 0.05390625 0.04453125