5 0.93203125 0.1328125 0.07109375 0.06171875
5 0.60546875 0.40546875 0.14453125 0.1
5 0.725 0.434375 0.10546875 0.07578125
5 0.66875 0.46796875 0.1546875 0.11484375
3 0.565625 0.52421875 0.20703125 0.15546875
3 0.43203125 0.61875 0.1984375 0.16484375
5 0.5890625 0.66171875 0.16953125 0.13046875
4 0.80078125 0.815625 0.14296875 0.1171875
4 0.03046875 0.82265625 0.06015625 0.109375
5 0.33671875 0.7546875 0.08671875 0.0640625
4 0.3453125 0.82578125 0.10078125 0.0796875
4 0.27421875 0.8046875 0.12421875 0.0875