2 0.83984375 0.1015625 0.07109375 0.04140625
2 0.73125 0.1515625 0.0578125 0.03984375
2 0.81484375 0.146875 0.059375 0.0546875
2 0.6984375 0.2015625 0.05234375 0.053125
2 0.79765625 0.19765625 0.0625 0.046875
2 0.77421875 0.24375 0.04765625 0.046875
2 0.7203125 0.24609375 0.04921875 0.05
2 0.75078125 0.28046875 0.03984375 0.04765625
2 0.71875 0.2890625 0.0375 0.0453125
0 0.5453125 0.42265625 0.1203125 0.13671875
2 0.41640625 0.5078125 0.1078125 0.11484375
2 0.5578125 0.540625 0.1140625 0.1109375
0 0.72109375 0.6109375 0.03359375 0.03125
2 0.59609375 0.5953125 0.1078125 0.05078125
2 0.43359375 0.5859375 0.09765625 0.09765625
2 0.47578125 0.65859375 0.09296875 0.10078125
2 0.4828125 0.70859375 0.0734375 0.07265625
2 0.52890625 0.73984375 0.05703125 0.0546875
2 0.5875 0.74609375 0.07421875 0.05703125
2 0.74296875 0.7015625 0.0234375 0.021875
2 0.72265625 0.709375 0.02109375 0.01953125
0 0.675 0.6203125 0.03125 0.02890625
2 0.69921875 0.53125 0.025 0.0234375
2 0.68828125 0.55859375 0.02734375 0.01875
2 0.7234375 0.51796875 0.02578125 0.025
2 0.7546875 0.503125 0.02578125 0.0265625
2 0.853125 0.45703125 0.02265625 0.01953125
2 0.8578125 0.3125 0.025 0.0203125
2 0.84375 0.309375 0.01953125 0.021875
2 0.82578125 0.30703125 0.02109375 0.0234375
2 0.81015625 0.30625 0.0109375 0.01640625
2 0.79375 0.3046875 0.02265625 0.02578125
2 0.871875 0.3171875 0.0140625 0.02109375
2 0.88515625 0.31328125 0.01796875 0.01953125
2 0.88125 0.0390625 0.07890625 0.0625
2 0.79296875 0.03828125 0.07109375 0.0703125