1 0.1140625 0.1359375 0.0953125 0.09453125
1 0.21015625 0.21484375 0.11875 0.084375
1 0.28125 0.29140625 0.13671875 0.10234375
2 0.1640625 0.31875 0.084375 0.05
2 0.071875 0.3109375 0.1125 0.08359375
1 0.390625 0.24375 0.15234375 0.13203125
1 0.465625 0.1734375 0.23984375 0.2
1 0.440625 0.42421875 0.19140625 0.153125
1 0.03359375 0.846875 0.06484375 0.08203125
1 0.0234375 0.7421875 0.04609375 0.07578125
1 0.16484375 0.71484375 0.08125 0.06171875
1 0.09296875 0.72890625 0.090625 0.0625
2 0.0484375 0.8171875 0.08203125 0.0625
2 0.34140625 0.38203125 0.1328125 0.115625
2 0.37578125 0.496875 0.159375 0.1140625
2 0.29375 0.46171875 0.07265625 0.05234375
2 0.2609375 0.42734375 0.06875 0.0453125
1 0.61875 0.37734375 0.18671875 0.15078125
1 0.72890625 0.46640625 0.1515625 0.11015625
0 0.73828125 0.57109375 0.1453125 0.10390625
0 0.590625 0.5546875 0.140625 0.10390625
2 0.72578125 0.6875 0.1078125 0.08203125
2 0.64140625 0.6578125 0.13125 0.1046875
2 0.575 0.646875 0.09609375 0.08984375
2 0.68203125 0.80546875 0.06328125 0.05
2 0.6125 0.815625 0.0890625 0.0609375
2 0.58203125 0.75625 0.13125 0.103125
2 0.4890625 0.81015625 0.11875 0.09609375
2 0.17109375 0.38671875 0.0375 0.0328125