2 0.959375 0.03046875 0.08125 0.06015625
2 0.98515625 0.16328125 0.0296875 0.0484375
2 0.94765625 0.1484375 0.04375 0.0328125
2 0.8953125 0.0953125 0.0578125 0.05859375
2 0.8484375 0.09765625 0.071875 0.0578125
2 0.884375 0.2140625 0.03671875 0.025
2 0.94453125 0.28984375 0.0296875 0.01953125
2 0.784375 0.1328125 0.040625 0.03359375
2 0.74296875 0.06015625 0.0671875 0.05625
2 0.65625 0.10703125 0.065625 0.0546875
2 0.59296875 0.07421875 0.04296875 0.040625
2 0.875 0.284375 0.0203125 0.0140625
2 0.66953125 0.28984375 0.0671875 0.053125
2 0.5875 0.2453125 0.07890625 0.0671875
2 0.61640625 0.3328125 0.071875 0.05390625
2 0.53984375 0.30625 0.084375 0.0640625
2 0.48359375 0.275 0.0921875 0.0765625
0 0.44140625 0.20390625 0.0796875 0.06328125
2 0.5359375 0.37265625 0.046875 0.03671875
2 0.5046875 0.37109375 0.04609375 0.0328125
0 0.30390625 0.21015625 0.075 0.06171875
0 0.29921875 0.29375 0.078125 0.05859375
0 0.33203125 0.3328125 0.08828125 0.0640625
2 0.28359375 0.3625 0.05 0.0296875
2 0.2578125 0.3203125 0.06015625 0.04296875
0 0.4453125 0.3828125 0.09921875 0.065625
0 0.46015625 0.46171875 0.09453125 0.06953125
0 0.3515625 0.41953125 0.09375 0.06328125
2 0.43515625 0.5390625 0.075 0.05390625
2 0.4984375 0.46875 0.04609375 0.04921875
2 0.34921875 0.48671875 0.08046875 0.0546875
2 0.35390625 0.54140625 0.07265625 0.0546875
1 0.3140625 0.61875 0.0875 0.0734375
2 0.47109375 0.66953125 0.09453125 0.0796875
0 0.409375 0.73203125 0.1109375 0.08828125
0 0.32578125 0.6578125 0.065625 0.028125
0 0.28125 0.74375 0.0984375 0.07578125
2 0.45078125 0.7578125 0.08671875 0.07109375
2 0.38828125 0.79453125 0.06875 0.05234375
2 0.30390625 0.8125 0.08515625 0.0671875
2 0.4390625 0.63515625 0.0578125 0.053125
2 0.60546875 0.5859375 0.08984375 0.0671875
0 0.6 0.5046875 0.0859375 0.06953125
2 0.74453125 0.51875 0.08046875 0.0609375