5 0.6078125 0.021875 0.06796875 0.04375
5 0.51640625 0.08671875 0.190625 0.17265625
5 0.5609375 0.1875 0.15390625 0.14609375
5 0.475 0.24609375 0.1359375 0.1125
5 0.0625 0.32734375 0.09375 0.0671875
5 0.1109375 0.346875 0.09609375 0.071875
5 0.0328125 0.440625 0.065625 0.05703125
5 0.01171875 0.47734375 0.02265625 0.0296875
5 0.16484375 0.03203125 0.08515625 0.0625
5 0.421875 0.4046875 0.0484375 0.0421875
5 0.409375 0.4328125 0.04453125 0.02890625
3 0.1765625 0.4875 0.09140625 0.0609375
5 0.2265625 0.5 0.0671875 0.05234375
5 0.69140625 0.515625 0.15390625 0.1015625
5 0.54296875 0.534375 0.16640625 0.11875
5 0.6453125 0.62578125 0.16328125 0.11484375
5 0.5703125 0.8375 0.17265625 0.146875
5 0.44375 0.80625 0.1359375 0.1140625
5 0.4734375 0.915625 0.14140625 0.11796875
4 0.35 0.91953125 0.08359375 0.071875
5 0.01015625 0.70546875 0.01953125 0.0328125
3 0.6796875 0.43125 0.07890625 0.05390625