5 0.51171875 0.2015625 0.1640625 0.1265625
5 0.63671875 0.30546875 0.1640625 0.1296875
5 0.5015625 0.315625 0.14453125 0.11875
5 0.59375 0.3765625 0.1453125 0.05625
5 0.95625 0.2828125 0.0859375 0.08046875
5 0.4671875 0.6078125 0.13203125 0.10625
5 0.575 0.66796875 0.1359375 0.1015625
5 0.47734375 0.7203125 0.15703125 0.121875
4 0.40234375 0.9703125 0.1234375 0.059375
5 0.32421875 0.890625 0.046875 0.04140625
5 0.04140625 0.76796875 0.0484375 0.034375
3 0.0765625 0.77578125 0.05234375 0.04296875
5 0.10625 0.6421875 0.109375 0.071875
5 0.15078125 0.6265625 0.06875 0.05234375
3 0.36328125 0.62109375 0.08984375 0.11484375
5 0.36015625 0.68515625 0.05 0.03359375
5 0.12578125 0.5421875 0.05703125 0.03671875
4 0.028125 0.51875 0.04375 0.02734375
3 0.14375 0.51875 0.0609375 0.0390625
4 0.8546875 0.70859375 0.06953125 0.05546875