1 0.3328125 0.5859375 0.040625 0.02734375
1 0.3890625 0.56796875 0.03515625 0.0234375
0 0.28203125 0.56796875 0.0390625 0.0265625
2 0.315625 0.61484375 0.03828125 0.02578125
2 0.26640625 0.59140625 0.03515625 0.02421875
2 0.2890625 0.63828125 0.03359375 0.025
2 0.259375 0.6484375 0.0140625 0.01015625
2 0.2296875 0.61953125 0.0265625 0.01875
2 0.4046875 0.58828125 0.034375 0.0234375
0 0.4734375 0.53515625 0.0328125 0.02265625
0 0.4578125 0.52890625 0.03515625 0.025
2 0.40859375 0.53046875 0.028125 0.01953125
2 0.4171875 0.54765625 0.021875 0.0171875
0 0.440625 0.55234375 0.03046875 0.025
2 0.4296875 0.61796875 0.028125 0.01875
2 0.44296875 0.6296875 0.00859375 0.00546875
2 0.4578125 0.5578125 0.02421875 0.02109375
2 0.45703125 0.57734375 0.01953125 0.01484375
2 0.46875 0.5953125 0.02890625 0.0234375
2 0.48359375 0.62265625 0.02109375 0.0140625
0 0.5140625 0.509375 0.02578125 0.01640625
2 0.50703125 0.56015625 0.0328125 0.0234375
2 0.5078125 0.58046875 0.02578125 0.01875
2 0.4625 0.13984375 0.025 0.01875
2 0.465625 0.11796875 0.01953125 0.015625
2 0.5015625 0.153125 0.01953125 0.01953125
2 0.47109375 0.16328125 0.01328125 0.01328125
2 0.58125 0.0859375 0.028125 0.03125
2 0.58984375 0.14453125 0.0359375 0.02734375
2 0.61015625 0.10078125 0.0359375 0.028125
2 0.67109375 0.11796875 0.0328125 0.025
2 0.6375 0.1203125 0.0375 0.028125
2 0.59609375 0.18515625 0.01953125 0.01640625
2 0.6078125 0.20859375 0.021875 0.01796875
2 0.63984375 0.20859375 0.01484375 0.01015625
2 0.65 0.19140625 0.02421875 0.01875
2 0.646875 0.15859375 0.03359375 0.02578125
1 0.6734375 0.16328125 0.0328125 0.02734375
2 0.6890625 0.15625 0.0234375 0.01796875
2 0.6625 0.190625 0.01484375 0.01484375
2 0.68046875 0.1796875 0.02109375 0.01640625
2 0.68828125 0.19453125 0.021875 0.01796875
0 0.71171875 0.184375 0.03046875 0.0234375
0 0.66328125 0.50390625 0.0234375 0.01796875
2 0.678125 0.421875 0.01953125 0.01484375
1 0.8015625 0.27578125 0.0234375 0.01640625
1 0.77109375 0.25859375 0.0203125 0.0140625
0 0.80703125 0.30390625 0.02734375 0.01875
0 0.740625 0.24765625 0.01953125 0.015625
0 0.84921875 0.30390625 0.02578125 0.0203125
2 0.85078125 0.32734375 0.0234375 0.01484375
2 0.828125 0.340625 0.01796875 0.01640625
2 0.81328125 0.3234375 0.02578125 0.01875
2 0.8 0.31484375 0.02265625 0.01484375
2 0.76640625 0.30625 0.0234375 0.0171875
2 0.73046875 0.2671875 0.01640625 0.0125
0 0.75078125 0.2859375 0.01875 0.01484375
2 0.79296875 0.33828125 0.021875 0.015625
2 0.78828125 0.35546875 0.01640625 0.0125
2 0.76328125 0.325 0.02109375 0.01484375
2 0.7625 0.34375 0.01953125 0.01328125
0 0.7359375 0.38828125 0.01875 0.01328125
0 0.7359375 0.40390625 0.0140625 0.0125
2 0.725 0.403125 0.01640625 0.01171875
2 0.7171875 0.27734375 0.0078125 0.00546875
1 0.746875 0.59921875 0.01484375 0.0109375
1 0.7265625 0.59296875 0.01484375 0.01015625