3 0.4578125 0.2265625 0.0578125 0.046875
5 0.70625 0.2078125 0.1859375 0.1296875
5 0.584375 0.24453125 0.10546875 0.1265625
5 0.4953125 0.3203125 0.19921875 0.1609375
5 0.69296875 0.3296875 0.19921875 0.1390625
5 0.80546875 0.25625 0.15234375 0.1421875
3 0.9078125 0.23515625 0.18359375 0.14140625
3 0.09453125 0.9234375 0.0828125 0.0640625
3 0.15625 0.946875 0.08203125 0.065625
3 0.32421875 0.8375 0.18984375 0.1578125
4 0.4265625 0.7484375 0.14140625 0.11484375
3 0.78203125 0.73203125 0.1671875 0.115625