2 0.49375 0.01953125 0.1296875 0.03828125
2 0.34453125 0.05234375 0.140625 0.1046875
2 0.70625 0.0875 0.15 0.13671875
2 0.74921875 0.090625 0.10546875 0.0875
0 0.86640625 0.13203125 0.1703125 0.1359375
2 0.83203125 0.1640625 0.06796875 0.05390625
2 0.60625 0.18828125 0.11640625 0.10078125
2 0.82578125 0.04921875 0.0421875 0.034375
2 0.4765625 0.171875 0.12734375 0.09765625
2 0.35078125 0.19375 0.11484375 0.08671875
2 0.4578125 0.278125 0.09765625 0.071875
2 0.578125 0.37578125 0.0765625 0.053125
2 0.621875 0.39296875 0.0609375 0.04609375
2 0.57734375 0.42734375 0.05859375 0.04296875
1 0.70078125 0.4203125 0.109375 0.084375
1 0.5953125 0.51171875 0.1046875 0.0796875
1 0.29609375 0.48828125 0.10859375 0.078125
1 0.31015625 0.609375 0.08984375 0.0796875
1 0.2390625 0.5984375 0.12265625 0.09375
1 0.26328125 0.70546875 0.10625 0.0796875
1 0.3765625 0.778125 0.08515625 0.06640625
1 0.45234375 0.7765625 0.07734375 0.05234375
1 0.43671875 0.815625 0.07578125 0.0421875
1 0.78359375 0.7484375 0.11796875 0.0890625
0 0.66484375 0.775 0.12109375 0.08671875
0 0.7609375 0.81875 0.109375 0.078125
2 0.44453125 0.85390625 0.05390625 0.0484375
2 0.3796875 0.85546875 0.07890625 0.0640625
2 0.3828125 0.915625 0.046875 0.04453125
2 0.6984375 0.8328125 0.071875 0.06328125
2 0.69765625 0.8921875 0.0890625 0.05390625
2 0.61640625 0.9125 0.06640625 0.06484375
2 0.5953125 0.97109375 0.1 0.0578125
0 0.678125 0.93828125 0.1390625 0.11015625