1 0.97109375 0.21484375 0.05625 0.06015625
1 0.96171875 0.2359375 0.07421875 0.0546875
1 0.90390625 0.26796875 0.07734375 0.0578125
1 0.95078125 0.315625 0.08671875 0.0609375
1 0.475 0.2171875 0.2046875 0.16484375
1 0.478125 0.41171875 0.19609375 0.15
1 0.3203125 0.340625 0.19140625 0.14609375
1 0.28046875 0.475 0.18515625 0.1328125
1 0.271875 0.5375 0.146875 0.07109375
1 0.43828125 0.52734375 0.165625 0.12890625
0 0.58125 0.48203125 0.16640625 0.1203125
2 0.68203125 0.57890625 0.16953125 0.11015625
2 0.759375 0.625 0.17421875 0.12890625
2 0.72265625 0.70078125 0.153125 0.11328125
2 0.53359375 0.6078125 0.15546875 0.1078125
2 0.6046875 0.68671875 0.11796875 0.1015625
2 0.5828125 0.75 0.1265625 0.07890625
2 0.54921875 0.79453125 0.10625 0.0765625
2 0.4609375 0.7484375 0.1296875 0.0984375
2 0.42109375 0.65078125 0.13671875 0.1109375