1 0.48046875 0.13828125 0.27890625 0.225
1 0.52734375 0.31484375 0.21796875 0.165625
0 0.67734375 0.38046875 0.20078125 0.14140625
1 0.38203125 0.45078125 0.175 0.13359375
1 0.30390625 0.5671875 0.20078125 0.14609375
1 0.49375 0.5453125 0.175 0.13515625
1 0.6484375 0.640625 0.2171875 0.15390625
0 0.49296875 0.6734375 0.13671875 0.1234375
2 0.33671875 0.76171875 0.13203125 0.11796875
2 0.44375 0.7828125 0.18203125 0.14609375
2 0.59453125 0.73203125 0.15546875 0.115625
2 0.6203125 0.83125 0.15390625 0.11484375
2 0.38828125 0.86328125 0.11953125 0.08828125
2 0.49375 0.8546875 0.115625 0.0890625