2 0.87421875 0.16953125 0.0390625 0.02890625
2 0.81875 0.2125 0.04296875 0.0359375
2 0.9109375 0.14765625 0.0390625 0.02890625
2 0.52265625 0.3265625 0.03984375 0.06875
2 0.559375 0.434375 0.0875 0.06484375
2 0.45703125 0.38515625 0.0921875 0.059375
2 0.4125 0.45703125 0.0671875 0.05546875
2 0.4609375 0.44921875 0.0515625 0.03125
2 0.45625 0.48203125 0.07109375 0.05
2 0.48203125 0.52578125 0.0375 0.02890625
2 0.39765625 0.51875 0.04375 0.03515625
2 0.3328125 0.5515625 0.0390625 0.0296875
2 0.37734375 0.615625 0.0453125 0.0328125
2 0.4109375 0.69765625 0.0390625 0.02734375
2 0.51796875 0.62109375 0.0453125 0.03203125
2 0.3234375 0.565625 0.025 0.01796875