2 0.24921875 0.05703125 0.190625 0.1140625
2 0.08046875 0.06953125 0.13203125 0.13125
2 0.659375 0.07265625 0.153125 0.1453125
2 0.52421875 0.17578125 0.1 0.0953125
1 0.43515625 0.240625 0.171875 0.1375
1 0.64609375 0.21953125 0.1921875 0.1453125
1 0.6875 0.35078125 0.16328125 0.1421875
2 0.4953125 0.453125 0.125 0.08359375
0 0.56953125 0.5 0.17890625 0.13671875
2 0.64609375 0.52109375 0.128125 0.11171875
1 0.71953125 0.5625 0.07890625 0.065625
1 0.69140625 0.6109375 0.06328125 0.06171875
2 0.59921875 0.61484375 0.15 0.09921875
1 0.77109375 0.64765625 0.090625 0.08203125
1 0.69375 0.6578125 0.12265625 0.0828125
2 0.5484375 0.68828125 0.1359375 0.10234375
2 0.4296875 0.6515625 0.14453125 0.12109375
2 0.33125 0.72421875 0.13984375 0.10625
2 0.3125 0.79375 0.10390625 0.0625
2 0.415625 0.76640625 0.1140625 0.0828125
2 0.39453125 0.8125 0.0875 0.0515625
2 0.60859375 0.76015625 0.11484375 0.09140625
1 0.5515625 0.79375 0.0515625 0.04375
2 0.57578125 0.8140625 0.046875 0.028125
2 0.6609375 0.75234375 0.0515625 0.06796875
2 0.68046875 0.8359375 0.08125 0.0734375
1 0.6796875 0.7421875 0.03046875 0.0359375
1 0.70546875 0.790625 0.0578125 0.04765625
2 0.73125 0.72421875 0.08125 0.06328125
1 0.775 0.7703125 0.10078125 0.078125
2 0.775 0.80234375 0.0921875 0.0359375
0 0.821875 0.98203125 0.06640625 0.034375
1 0.634375 0.42734375 0.02578125 0.03203125
1 0.690625 0.45234375 0.02109375 0.0390625
1 0.44375 0.41640625 0.03671875 0.025