5 0.06796875 0.4078125 0.1359375 0.11640625
5 0.5828125 0.5265625 0.34140625 0.23984375
5 0.2796875 0.6046875 0.27265625 0.209375
5 0.38984375 0.6296875 0.21875 0.146875
5 0.078125 0.61953125 0.11015625 0.08046875
3 0.29609375 0.7609375 0.10625 0.0796875
3 0.178125 0.77578125 0.121875 0.0921875
4 0.109375 0.75625 0.075 0.05625
5 0.2453125 0.83828125 0.1171875 0.0984375
5 0.38046875 0.97734375 0.15 0.04453125
5 0.95703125 0.22890625 0.08515625 0.05703125
5 0.98203125 0.16328125 0.0359375 0.09765625
5 0.9375 0.1625 0.071875 0.0671875