0 0.50390625 0.03515625 0.13828125 0.06796875
2 0.68125 0.0453125 0.11171875 0.090625
2 0.59921875 0.1046875 0.10390625 0.08515625
2 0.6625 0.1296875 0.0984375 0.0828125
2 0.69765625 0.2203125 0.08125 0.0625
1 0.59140625 0.25546875 0.14765625 0.14453125
2 0.675 0.30234375 0.05859375 0.04921875
0 0.371875 0.3859375 0.14765625 0.11328125
2 0.3375 0.47109375 0.1546875 0.12421875
2 0.3328125 0.5390625 0.13359375 0.071875
1 0.2484375 0.59296875 0.1140625 0.08671875
0 0.1640625 0.58359375 0.08828125 0.07109375
0 0.18359375 0.6484375 0.1046875 0.07890625
2 0.27265625 0.73203125 0.0640625 0.06484375
2 0.36796875 0.63359375 0.140625 0.11171875
2 0.41640625 0.6109375 0.09453125 0.07890625
2 0.4234375 0.72734375 0.11484375 0.10078125
2 0.4484375 0.74765625 0.0921875 0.07421875
2 0.4859375 0.7890625 0.0453125 0.0359375
2 0.48671875 0.66015625 0.0984375 0.08671875
2 0.56953125 0.6484375 0.11953125 0.0984375
0 0.65 0.621875 0.10390625 0.0703125
2 0.61171875 0.6890625 0.05390625 0.03828125
2 0.6546875 0.6890625 0.05390625 0.06171875
0 0.72734375 0.6875 0.10625 0.0828125
0 0.77421875 0.615625 0.10546875 0.0859375
2 0.65859375 0.54296875 0.14296875 0.10625
2 0.55078125 0.559375 0.1140625 0.084375