2 0.93046875 0.259375 0.1390625 0.109375
2 0.67890625 0.215625 0.16796875 0.140625
2 0.6765625 0.4328125 0.16875 0.13984375
2 0.47421875 0.29921875 0.16484375 0.14921875
0 0.40234375 0.5265625 0.15703125 0.13671875
1 0.2859375 0.47734375 0.11015625 0.11953125
0 0.21640625 0.44609375 0.090625 0.08125
0 0.36953125 0.40625 0.1828125 0.15390625
0 0.140625 0.60546875 0.14296875 0.10703125
2 0.11796875 0.5453125 0.08984375 0.0609375
2 0.3265625 0.59296875 0.121875 0.0984375
2 0.19765625 0.6375 0.1171875 0.090625
2 0.38671875 0.67734375 0.109375 0.0953125
2 0.2796875 0.70625 0.10390625 0.0921875
2 0.3890625 0.78046875 0.10390625 0.09609375