5 0.06328125 0.36875 0.0921875 0.0609375
5 0.10859375 0.446875 0.1234375 0.11796875
5 0.06640625 0.47109375 0.13125 0.09609375
3 0.10390625 0.5359375 0.05625 0.04140625
5 0.0625 0.56328125 0.06171875 0.040625
5 0.57265625 0.515625 0.22265625 0.1546875
5 0.5453125 0.6515625 0.378125 0.28671875
3 0.28671875 0.66796875 0.06484375 0.04765625
4 0.3296875 0.6375 0.06328125 0.0515625
4 0.34609375 0.896875 0.16484375 0.15078125
3 0.52109375 0.87109375 0.19375 0.15546875
5 0.35234375 0.96875 0.11796875 0.06171875
5 0.465625 0.9609375 0.14921875 0.078125