0 0.43125 0.28984375 0.22265625 0.15859375
0 0.76328125 0.30078125 0.17421875 0.1421875
0 0.62265625 0.4 0.15859375 0.12109375
2 0.79921875 0.440625 0.15625 0.10859375
2 0.5296875 0.45703125 0.17578125 0.12109375
2 0.60390625 0.52265625 0.14375 0.10078125
2 0.52421875 0.5734375 0.14140625 0.1140625
2 0.825 0.53515625 0.13828125 0.09609375
2 0.30859375 0.4546875 0.16015625 0.115625
2 0.246875 0.58828125 0.14453125 0.1109375
2 0.15 0.68203125 0.1015625 0.07421875
2 0.3484375 0.71640625 0.1359375 0.10546875
2 0.28203125 0.7625 0.10703125 0.0828125
2 0.8609375 0.62890625 0.10625 0.07734375
2 0.72421875 0.675 0.10859375 0.08984375
2 0.77734375 0.7453125 0.09609375 0.08125
2 0.85078125 0.71171875 0.06640625 0.05390625
1 0.1921875 0.2890625 0.06796875 0.0640625
1 0.25 0.30546875 0.0609375 0.05859375
2 0.19140625 0.346875 0.0546875 0.0484375