0 0.7109375 0.23046875 0.23359375 0.1828125
2 0.4484375 0.278125 0.1890625 0.15078125
2 0.38984375 0.41015625 0.165625 0.1265625
2 0.53828125 0.45859375 0.19375 0.1453125
2 0.65625 0.515625 0.15703125 0.1171875
2 0.48046875 0.596875 0.14921875 0.11484375
2 0.4015625 0.57109375 0.10703125 0.09375
2 0.37578125 0.62265625 0.08359375 0.0515625
2 0.5734375 0.60234375 0.1015625 0.1015625
2 0.52109375 0.70703125 0.11796875 0.09140625
2 0.43046875 0.709375 0.090625 0.07109375
2 0.45 0.75703125 0.07578125 0.0546875
2 0.5 0.778125 0.09296875 0.06953125
1 0.80546875 0.9625 0.07265625 0.0609375
1 0.84609375 0.96875 0.04609375 0.0546875
2 0.7546875 0.97265625 0.05234375 0.04765625