1 0.28203125 0.1203125 0.1125 0.06484375
0 0.053125 0.13984375 0.10390625 0.05390625
0 0.146875 0.13984375 0.09765625 0.06484375
2 0.15078125 0.2640625 0.10390625 0.059375
1 0.2703125 0.38046875 0.1421875 0.1015625
1 0.4734375 0.32734375 0.121875 0.09765625
0 0.353125 0.3140625 0.1265625 0.06484375
1 0.3734375 0.3671875 0.11328125 0.1125
0 0.38046875 0.4734375 0.1015625 0.09765625
0 0.31484375 0.4609375 0.15703125 0.109375
2 0.47421875 0.45234375 0.06484375 0.071875
2 0.4453125 0.5125 0.10625 0.08203125
0 0.5453125 0.3984375 0.1421875 0.11171875
2 0.54921875 0.31015625 0.0875 0.0703125
2 0.5515625 0.47109375 0.1140625 0.065625
1 0.69375 0.32734375 0.1890625 0.15
0 0.68203125 0.44375 0.14609375 0.09921875
2 0.60859375 0.53046875 0.13046875 0.09453125
2 0.73828125 0.53515625 0.1265625 0.10390625
2 0.80703125 0.51796875 0.14140625 0.0921875