2 0.85859375 0.51953125 0.20234375 0.13671875
2 0.68828125 0.36875 0.225 0.16953125
2 0.72734375 0.63359375 0.15625 0.11328125
2 0.55703125 0.6765625 0.12734375 0.09921875
1 0.55546875 0.50859375 0.1265625 0.09453125
1 0.4703125 0.4796875 0.1203125 0.09296875
0 0.50546875 0.58515625 0.078125 0.078125
1 0.4515625 0.6015625 0.12578125 0.09375
2 0.4375 0.6703125 0.0984375 0.06484375
2 0.53203125 0.74453125 0.0640625 0.0515625
2 0.5078125 0.80546875 0.0578125 0.04140625
2 0.4859375 0.765625 0.084375 0.0671875
1 0.18125 0.80234375 0.08046875 0.0625
1 0.13046875 0.75390625 0.08359375 0.0671875
1 0.0875 0.784375 0.09765625 0.0734375
1 0.86328125 0.9796875 0.059375 0.0390625
1 0.89140625 0.9390625 0.06171875 0.03125
1 0.91328125 0.97421875 0.0578125 0.04765625
0 0.9453125 0.97109375 0.0453125 0.03671875