1 0.67578125 0.33515625 0.17578125 0.16640625
0 0.634375 0.4421875 0.14296875 0.128125
1 0.51171875 0.46640625 0.1921875 0.175
1 0.58984375 0.54765625 0.1625 0.13046875
0 0.43125 0.58984375 0.18203125 0.15703125
2 0.50546875 0.6578125 0.14375 0.13515625
2 0.31328125 0.6640625 0.15234375 0.15625
2 0.42890625 0.7515625 0.1421875 0.125
1 0.89765625 0.91953125 0.046875 0.05390625
1 0.909375 0.934375 0.04375 0.04140625
1 0.87578125 0.95625 0.04140625 0.046875
1 0.9546875 0.9671875 0.04921875 0.02890625
2 0.021875 0.890625 0.04375 0.0828125
2 0.03125 0.78671875 0.0625 0.0796875
1 0.01484375 0.4 0.0296875 0.03125
1 0.00703125 0.4125 0.0125 0.0234375
1 0.11171875 0.46328125 0.05 0.03671875
0 0.10859375 0.484375 0.040625 0.028125
0 0.08828125 0.4921875 0.0484375 0.03359375
0 0.0796875 0.51015625 0.04296875 0.0265625
2 0.05546875 0.5328125 0.03984375 0.02890625
2 0.08046875 0.528125 0.03671875 0.0203125
2 0.0671875 0.55 0.0359375 0.02265625
1 0.19921875 0.521875 0.05859375 0.04765625
1 0.1484375 0.52578125 0.06484375 0.0515625
1 0.19140625 0.55625 0.03203125 0.0421875
1 0.15390625 0.5578125 0.05859375 0.040625
0 0.11875 0.57578125 0.05078125 0.0484375
0 0.159375 0.58359375 0.03515625 0.02890625
2 0.13125 0.60234375 0.05 0.03671875
2 0.97421875 0.6453125 0.04921875 0.0390625
1 0.9796875 0.60078125 0.0390625 0.06015625
0 0.321875 0.09609375 0.04453125 0.04296875
2 0.18203125 0.10078125 0.040625 0.0421875
2 0.1515625 0.16328125 0.03046875 0.02421875
2 0.35546875 0.14609375 0.04140625 0.03984375
2 0.12109375 0.21015625 0.03203125 0.0328125
2 0.21796875 0.17734375 0.03203125 0.04296875
2 0.271875 0.1609375 0.040625 0.03359375
2 0.1765625 0.21484375 0.0328125 0.02578125
2 0.14921875 0.221875 0.028125 0.02890625
2 0.26171875 0.18984375 0.03046875 0.0421875
2 0.32109375 0.18828125 0.0375 0.03984375
2 0.3609375 0.1859375 0.04140625 0.0375
2 0.1984375 0.2 0.0359375 0.02890625
2 0.32265625 0.215625 0.03046875 0.03046875
2 0.5640625 0.1484375 0.0328125 0.0359375
2 0.53515625 0.17734375 0.03203125 0.0328125
0 0.6078125 0.16015625 0.03828125 0.0359375
2 0.57734375 0.17578125 0.03125 0.03203125
2 0.63203125 0.13046875 0.03125 0.03203125
2 0.55 0.2015625 0.03046875 0.0296875
2 0.5265625 0.2078125 0.02265625 0.0234375
2 0.2015625 0.17734375 0.02890625 0.0421875
2 0.70390625 0.1640625 0.02578125 0.025
1 0.06015625 0.81484375 0.03671875 0.028125
1 0.07109375 0.83515625 0.03515625 0.02890625
0 0.05546875 0.83984375 0.02578125 0.0265625