1 0.21328125 0.45546875 0.1203125 0.08125
0 0.2984375 0.50703125 0.13046875 0.09921875
2 0.1984375 0.5515625 0.1125 0.0765625
2 0.1953125 0.6125 0.090625 0.05546875
2 0.2828125 0.66015625 0.08203125 0.053125
2 0.33125 0.61875 0.10234375 0.06875
2 0.38359375 0.5671875 0.11328125 0.08046875
2 0.4171875 0.46171875 0.09296875 0.08046875
2 0.48515625 0.56640625 0.096875 0.0671875
0 0.52109375 0.4640625 0.1296875 0.09453125
2 0.490625 0.35703125 0.0859375 0.0671875
2 0.9171875 0.1125 0.08359375 0.0609375
2 0.9109375 0.08828125 0.06953125 0.0421875
2 0.8140625 0.1125 0.07421875 0.05703125
2 0.75703125 0.103125 0.0546875 0.0515625
2 0.98203125 0.20390625 0.0359375 0.04140625
2 0.9421875 0.18671875 0.05703125 0.05
2 0.8859375 0.19765625 0.0734375 0.0546875
2 0.88515625 0.24296875 0.0625 0.04453125
2 0.81328125 0.1953125 0.059375 0.046875
2 0.8078125 0.234375 0.05625 0.040625
2 0.75859375 0.18125 0.06640625 0.05234375
2 0.7546875 0.23046875 0.0453125 0.0328125
2 0.7203125 0.16484375 0.05234375 0.04296875
2 0.7046875 0.22578125 0.0484375 0.03359375
2 0.81328125 0.275 0.03984375 0.03046875
2 0.9453125 0.01875 0.08046875 0.0375
2 0.98515625 0.0359375 0.02890625 0.05546875