5 0.41640625 0.13984375 0.11484375 0.0953125
5 0.425 0.17421875 0.19296875 0.16484375
5 0.57421875 0.20546875 0.16640625 0.1421875
5 0.0375 0.3859375 0.07421875 0.06484375
5 0.0640625 0.3390625 0.07734375 0.06171875
5 0.1078125 0.4109375 0.08828125 0.0625
5 0.125 0.38046875 0.05859375 0.0640625
5 0.39765625 0.4578125 0.0578125 0.0640625
5 0.48046875 0.4578125 0.10859375 0.0828125
5 0.43828125 0.49296875 0.071875 0.05078125
4 0.375 0.56484375 0.06796875 0.04765625
5 0.6109375 0.68515625 0.075 0.059375
4 0.9109375 0.778125 0.153125 0.109375
3 0.77109375 0.74921875 0.1296875 0.096875
5 0.725 0.8140625 0.1 0.0796875
5 0.82734375 0.8234375 0.1078125 0.0875