0 0.38359375 0.21875 0.19140625 0.15234375
2 0.653125 0.44375 0.18828125 0.1046875
0 0.4125 0.459375 0.19140625 0.1359375
2 0.4625 0.60390625 0.15546875 0.1140625
2 0.63046875 0.6625 0.1546875 0.11640625
2 0.4515625 0.7375 0.13359375 0.10546875
1 0.2375 0.63515625 0.0859375 0.0671875
1 0.28515625 0.69296875 0.090625 0.06796875
0 0.33203125 0.6390625 0.06484375 0.06015625
0 0.36640625 0.71796875 0.07734375 0.0609375
0 0.31328125 0.75625 0.06640625 0.0515625
0 0.0296875 0.77109375 0.05859375 0.04453125
2 0.334375 0.79375 0.059375 0.05078125
2 0.3453125 0.83984375 0.05859375 0.046875
2 0.46875 0.8171875 0.11171875 0.08671875
2 0.61328125 0.8171875 0.06640625 0.05546875
2 0.5734375 0.85 0.0734375 0.05859375
2 0.49765625 0.87265625 0.0671875 0.0515625
2 0.05390625 0.80859375 0.05703125 0.0421875
1 0.01796875 0.75078125 0.0359375 0.02265625