1 0.4796875 0.3578125 0.16640625 0.14296875
1 0.63203125 0.38828125 0.14921875 0.1328125
1 0.03203125 0.52578125 0.06328125 0.0546875
1 0.51484375 0.48515625 0.1828125 0.13359375
0 0.60234375 0.50703125 0.121875 0.11484375
0 0.45078125 0.609375 0.18359375 0.15
0 0.55625 0.6265625 0.13203125 0.125
1 0.3296875 0.67734375 0.10078125 0.084375
2 0.69609375 0.625 0.14921875 0.1171875
2 0.684375 0.696875 0.12578125 0.08203125
2 0.5828125 0.7265625 0.11328125 0.10078125
2 0.48203125 0.734375 0.14765625 0.11875
2 0.52734375 0.80625 0.10859375 0.078125
2 0.4546875 0.865625 0.103125 0.09453125
1 0.42734375 0.91171875 0.0609375 0.04296875