2 0.54453125 0.278125 0.1421875 0.11328125
2 0.8859375 0.325 0.13984375 0.090625
2 0.65546875 0.38359375 0.134375 0.1109375
2 0.334375 0.37890625 0.153125 0.11328125
2 0.74453125 0.46875 0.11171875 0.0875
2 0.4359375 0.43671875 0.11953125 0.09609375
2 0.3484375 0.4765625 0.10859375 0.0828125
2 0.88046875 0.5078125 0.084375 0.06015625
2 0.33359375 0.52890625 0.09453125 0.0546875
2 0.771875 0.528125 0.0625 0.0390625
2 0.7203125 0.52421875 0.05625 0.03984375
2 0.7671875 0.55546875 0.06953125 0.03828125
2 0.2859375 0.5671875 0.09453125 0.07734375
0 0.36875 0.5875 0.103125 0.06484375
2 0.415625 0.615625 0.10078125 0.078125
0 0.33203125 0.66484375 0.14140625 0.1015625
2 0.2609375 0.6625 0.05703125 0.0703125
2 0.3140625 0.8328125 0.1 0.07578125
2 0.37421875 0.825 0.06953125 0.06875
1 0.33046875 0.7703125 0.0453125 0.05390625
2 0.509375 0.809375 0.07578125 0.0609375
2 0.46328125 0.8703125 0.09140625 0.07734375
2 0.41640625 0.8671875 0.06640625 0.06953125