5 0.65390625 0.18671875 0.12109375 0.09765625
5 0.18671875 0.43125 0.053125 0.0421875
5 0.01484375 0.4671875 0.0296875 0.07421875
5 0.06875 0.4203125 0.1359375 0.08515625
3 0.38125 0.5109375 0.0734375 0.03125
5 0.39140625 0.55234375 0.11875 0.090625
5 0.60703125 0.5390625 0.134375 0.11015625
5 0.3359375 0.61015625 0.10390625 0.08515625
3 0.48203125 0.61875 0.190625 0.12734375
5 0.078125 0.73671875 0.07890625 0.0625
3 0.028125 0.7515625 0.05546875 0.0703125
3 0.38125 0.8875 0.1046875 0.08359375
3 0.35 0.92109375 0.1046875 0.084375