2 0.425 0.059375 0.16328125 0.1171875
2 0.57578125 0.11484375 0.16875 0.13359375
2 0.55390625 0.23828125 0.16171875 0.1328125
2 0.43984375 0.2 0.13828125 0.11796875
2 0.28203125 0.2640625 0.19453125 0.1515625
2 0.54453125 0.378125 0.1234375 0.0953125
2 0.5046875 0.41875 0.15625 0.11875
2 0.4140625 0.41484375 0.09296875 0.0921875
2 0.41640625 0.51484375 0.1046875 0.0796875
2 0.51953125 0.54921875 0.14375 0.10703125
2 0.5203125 0.65546875 0.12109375 0.0921875
2 0.38984375 0.59765625 0.1265625 0.096875
2 0.384375 0.68125 0.11015625 0.08203125
1 0.60390625 0.646875 0.06953125 0.05078125
1 0.73671875 0.8734375 0.071875 0.05703125
1 0.55703125 0.7015625 0.06484375 0.04921875
2 0.51328125 0.7875 0.05859375 0.0484375
2 0.40390625 0.75 0.0953125 0.07421875
2 0.421875 0.7921875 0.04921875 0.034375
1 0.09765625 0.6734375 0.0703125 0.04921875
1 0.028125 0.66328125 0.05546875 0.0484375
1 0.10234375 0.71953125 0.06796875 0.0484375
1 0.03671875 0.70625 0.0703125 0.04921875
1 0.04921875 0.753125 0.0734375 0.05234375
1 0.2484375 0.490625 0.10078125 0.0703125
1 0.2140625 0.7484375 0.05234375 0.034375