1 0.56796875 0.521875 0.18984375 0.1390625
1 0.42265625 0.67578125 0.16171875 0.18203125
1 0.47890625 0.67265625 0.1953125 0.1390625
1 0.56640625 0.69296875 0.15078125 0.14453125
2 0.5671875 0.81015625 0.15078125 0.11171875
0 0.45 0.85078125 0.17890625 0.1484375
1 0.06171875 0.7609375 0.0546875 0.0359375
1 0.0453125 0.80625 0.05390625 0.04140625
1 0.02265625 0.81328125 0.04453125 0.0421875
0 0.02265625 0.77578125 0.04140625 0.03125
2 0.7796875 0.06953125 0.08359375 0.0671875
2 0.75390625 0.13828125 0.05859375 0.04140625