2 0.7171875 0.234375 0.1546875 0.16171875
2 0.4234375 0.37578125 0.18359375 0.175
2 0.61171875 0.41875 0.14140625 0.1359375
2 0.3875 0.534375 0.1609375 0.15625
2 0.57578125 0.5984375 0.12421875 0.1203125
2 0.41953125 0.6484375 0.13515625 0.1234375
2 0.5734375 0.7046875 0.09609375 0.10078125
2 0.490625 0.765625 0.096875 0.109375
2 0.42265625 0.71640625 0.1078125 0.08046875
2 0.5171875 0.9265625 0.05625 0.0421875
2 0.60078125 0.95703125 0.05234375 0.0421875
2 0.5078125 0.965625 0.05390625 0.040625
2 0.5609375 0.98046875 0.05390625 0.03828125