2 0.275 0.77734375 0.0296875 0.02265625
0 0.28046875 0.75390625 0.03125 0.02421875
2 0.29453125 0.7453125 0.02734375 0.01875
2 0.315625 0.76328125 0.03046875 0.0234375
2 0.30625 0.78203125 0.02578125 0.0171875
2 0.27890625 0.6984375 0.0265625 0.01796875
2 0.30625 0.6796875 0.025 0.01796875
2 0.315625 0.7265625 0.0234375 0.015625
2 0.33125 0.7359375 0.02890625 0.0203125
2 0.33984375 0.76640625 0.02578125 0.01875
1 0.34140625 0.74375 0.03359375 0.0265625
0 0.33515625 0.6578125 0.04296875 0.03359375
0 0.3515625 0.7078125 0.04609375 0.034375
2 0.371875 0.69921875 0.04375 0.03515625
2 0.36875 0.77890625 0.021875 0.015625
0 0.396875 0.73984375 0.04453125 0.0359375
2 0.32265625 0.70078125 0.01953125 0.01484375
2 0.40078125 0.72265625 0.03984375 0.0203125
2 0.43046875 0.76171875 0.03515625 0.0234375
2 0.42890625 0.78359375 0.0421875 0.03203125
2 0.4453125 0.82109375 0.0375 0.028125
2 0.4171875 0.8140625 0.02890625 0.02109375
2 0.44609375 0.84296875 0.0265625 0.01953125
2 0.42265625 0.84296875 0.03046875 0.02421875
2 0.49921875 0.2921875 0.03359375 0.028125
2 0.53359375 0.3359375 0.034375 0.028125
2 0.58359375 0.33671875 0.03671875 0.02890625
2 0.58359375 0.3703125 0.021875 0.0171875
2 0.571875 0.41640625 0.028125 0.02265625
2 0.55 0.4359375 0.03046875 0.02265625
2 0.55390625 0.45 0.02421875 0.0171875
2 0.51328125 0.41015625 0.02890625 0.0234375
2 0.5125 0.43046875 0.02578125 0.01953125
2 0.5109375 0.44765625 0.0234375 0.01796875
2 0.5421875 0.4640625 0.0234375 0.01796875
2 0.52421875 0.46484375 0.015625 0.0140625
1 0.53984375 0.55234375 0.02734375 0.02109375
0 0.50546875 0.575 0.02421875 0.01796875
0 0.48828125 0.5609375 0.02421875 0.0171875
2 0.47578125 0.575 0.02421875 0.0171875
2 0.47890625 0.58828125 0.01953125 0.01328125
0 0.5671875 0.57578125 0.028125 0.01875
2 0.53984375 0.58359375 0.02421875 0.01484375
2 0.53984375 0.59765625 0.025 0.0171875
2 0.52265625 0.59921875 0.0171875 0.01328125
2 0.58046875 0.58984375 0.02578125 0.0171875
2 0.5625 0.5890625 0.015625 0.01328125
2 0.584375 0.60234375 0.021875 0.01484375
2 0.50703125 0.7 0.0203125 0.0140625
2 0.49296875 0.6984375 0.0140625 0.01328125
2 0.5375 0.6828125 0.0234375 0.01484375
2 0.49921875 0.67109375 0.0171875 0.01328125
2 0.51953125 0.659375 0.0234375 0.01796875
2 0.54921875 0.66640625 0.02109375 0.01875
2 0.53359375 0.64296875 0.02421875 0.021875
2 0.54609375 0.6359375 0.02734375 0.0234375
2 0.559375 0.6703125 0.0296875 0.02421875
2 0.57109375 0.68828125 0.02734375 0.02109375
2 0.5734375 0.70625 0.02578125 0.01796875
2 0.60703125 0.61328125 0.0265625 0.01875
2 0.60546875 0.6328125 0.03125 0.02109375
0 0.61796875 0.65546875 0.0328125 0.02421875
2 0.63671875 0.6375 0.01875 0.0203125
2 0.5890625 0.76640625 0.01796875 0.01484375
2 0.61015625 0.7484375 0.021875 0.01796875
2 0.609375 0.69765625 0.028125 0.02109375
2 0.609375 0.675 0.0265625 0.0234375
2 0.6375 0.67421875 0.03046875 0.02265625
1 0.64375 0.73203125 0.0234375 0.01796875
1 0.63671875 0.70703125 0.02109375 0.0171875
2 0.65859375 0.6328125 0.03046875 0.02265625
2 0.68984375 0.65390625 0.0296875 0.0234375
2 0.671875 0.66328125 0.0171875 0.01484375
1 0.66171875 0.72265625 0.0234375 0.01640625
2 0.659375 0.69140625 0.03046875 0.02109375
2 0.65390625 0.7484375 0.0234375 0.01640625
2 0.6765625 0.7140625 0.02578125 0.01953125
2 0.71640625 0.6796875 0.0265625 0.0234375
2 0.64453125 0.7203125 0.0171875 0.01484375
0 0.70703125 0.74921875 0.0234375 0.01875
1 0.7125 0.72734375 0.02109375 0.01875
2 0.70078125 0.73203125 0.02109375 0.01875
2 0.678125 0.7453125 0.0203125 0.015625
2 0.68984375 0.75859375 0.021875 0.01640625
2 0.71875 0.76171875 0.01953125 0.015625
2 0.73515625 0.74453125 0.0125 0.00859375
1 0.73203125 0.74921875 0.02421875 0.01796875
2 0.74921875 0.7359375 0.02265625 0.01640625
1 0.60546875 0.56953125 0.01796875 0.0140625
2 0.74453125 0.30078125 0.02578125 0.01953125
2 0.7375 0.315625 0.02734375 0.01796875
2 0.728125 0.33203125 0.0234375 0.0171875
2 0.715625 0.34609375 0.01640625 0.01171875
2 0.70078125 0.35078125 0.0203125 0.0140625
2 0.7125 0.28828125 0.0265625 0.0203125
2 0.70703125 0.30625 0.028125 0.01875
2 0.6984375 0.31953125 0.02578125 0.01796875
2 0.69375 0.334375 0.0171875 0.0140625
0 0.7515625 0.64453125 0.01640625 0.0125
2 0.76875 0.646875 0.0140625 0.0109375
0 0.71015625 0.571875 0.021875 0.015625
2 0.72109375 0.5859375 0.0171875 0.0140625
0 0.7140625 0.5546875 0.0203125 0.015625
1 0.70703125 0.5484375 0.01953125 0.01484375
2 0.69453125 0.55703125 0.01640625 0.0109375
2 0.746875 0.5796875 0.02109375 0.01640625
2 0.74765625 0.596875 0.021875 0.01484375
2 0.74765625 0.61171875 0.015625 0.0125
0 0.765625 0.5546875 0.01796875 0.01171875
2 0.778125 0.55390625 0.01171875 0.0109375
2 0.7703125 0.57265625 0.0203125 0.01484375
2 0.7828125 0.58359375 0.015625 0.0109375
2 0.79921875 0.57890625 0.0203125 0.01484375
1 0.79921875 0.55390625 0.02265625 0.01484375
2 0.8015625 0.565625 0.02265625 0.01328125
2 0.734375 0.55 0.01796875 0.0140625
1 0.86015625 0.5140625 0.02265625 0.01484375
1 0.84296875 0.4859375 0.01796875 0.01484375
0 0.85 0.5203125 0.01875 0.0140625
2 0.8359375 0.52890625 0.01796875 0.0125
0 0.82734375 0.515625 0.01875 0.01328125
1 0.9109375 0.50703125 0.01796875 0.0125
0 0.91953125 0.51640625 0.01875 0.0125
0 0.89609375 0.52578125 0.021875 0.0140625
2 0.928125 0.528125 0.0171875 0.0140625
2 0.91484375 0.54140625 0.01796875 0.0125