3 0.31328125 0.1203125 0.1125 0.1453125
3 0.24453125 0.15703125 0.1125 0.13515625
5 0.61953125 0.05390625 0.05703125 0.0953125
5 0.578125 0.071875 0.03515625 0.0671875
5 0.578125 0.23671875 0.034375 0.0421875
5 0.60078125 0.284375 0.0796875 0.096875
4 0.22265625 0.3890625 0.075 0.0921875
3 0.2265625 0.46953125 0.0828125 0.10625
3 0.27421875 0.4796875 0.05859375 0.09140625
5 0.28984375 0.52734375 0.06640625 0.08359375
3 0.58359375 0.7890625 0.1078125 0.1578125
4 0.68515625 0.846875 0.13203125 0.16875
5 0.71484375 0.80703125 0.1578125 0.203125
5 0.015625 0.078125 0.03125 0.040625
5 0.01875 0.0640625 0.0296875 0.03125