0 0.3375 0.175 0.09765625 0.08125
2 0.19296875 0.29609375 0.11171875 0.084375
2 0.4234375 0.36796875 0.09609375 0.08046875
1 0.93984375 0.38203125 0.11953125 0.09453125
2 0.4921875 0.4828125 0.06953125 0.0359375
2 0.37578125 0.50390625 0.06015625 0.053125
1 0.31171875 0.47734375 0.14921875 0.10859375
1 0.034375 0.61953125 0.06015625 0.0421875
0 0.52890625 0.5890625 0.13671875 0.09921875
2 0.346875 0.6125 0.09453125 0.07109375
2 0.48359375 0.6828125 0.06796875 0.05
2 0.4 0.72890625 0.05546875 0.04609375
2 0.4640625 0.76015625 0.06484375 0.04921875