1 0.58828125 0.55234375 0.13359375 0.109375
1 0.371875 0.44296875 0.19375 0.146875
2 0.215625 0.05390625 0.1328125 0.103125
2 0.17265625 0.14453125 0.1234375 0.09453125
2 0.04375 0.06875 0.0859375 0.10390625
2 0.05703125 0.15703125 0.0953125 0.078125
0 0.30390625 0.62890625 0.146875 0.1109375
2 0.50546875 0.6609375 0.09765625 0.0890625
2 0.4171875 0.94453125 0.06640625 0.05859375
2 0.26796875 0.75546875 0.11875 0.09765625
2 0.24921875 0.84296875 0.0828125 0.0671875
2 0.2734375 0.9046875 0.05859375 0.05390625