1 0.50234375 0.271875 0.19296875 0.146875
1 0.4921875 0.36640625 0.18515625 0.11953125
0 0.66171875 0.240625 0.14375 0.11484375
0 0.63671875 0.37421875 0.1546875 0.11328125
0 0.41484375 0.46953125 0.1765625 0.125
2 0.29765625 0.5625 0.13359375 0.1046875
2 0.49375 0.72578125 0.08203125 0.06171875
2 0.678125 0.51875 0.17265625 0.12734375
0 0.76484375 0.43125 0.1484375 0.10625
2 0.75859375 0.59921875 0.1546875 0.1125
2 0.68984375 0.6875 0.14921875 0.1109375
2 0.59921875 0.75625 0.13828125 0.10703125