2 0.96484375 0.053125 0.040625 0.03359375
2 0.9203125 0.03046875 0.04921875 0.03984375
2 0.88046875 0.1171875 0.03828125 0.03125
2 0.8140625 0.05703125 0.05078125 0.0296875
2 0.81484375 0.07890625 0.053125 0.04296875
2 0.80390625 0.02421875 0.0625 0.0484375
2 0.75 0.01796875 0.05625 0.034375
2 0.7046875 0.025 0.06015625 0.04921875
2 0.74140625 0.16015625 0.0390625 0.03046875
2 0.69453125 0.1890625 0.021875 0.01875
2 0.65078125 0.02421875 0.04921875 0.04296875
2 0.65703125 0.06015625 0.05234375 0.04609375
2 0.65 0.13203125 0.02265625 0.01953125
2 0.62578125 0.1359375 0.01875 0.01328125
2 0.59375 0.0859375 0.03046875 0.03125
2 0.64609375 0.18984375 0.01640625 0.01328125
0 0.17890625 0.31171875 0.08046875 0.05703125
2 0.35234375 0.32734375 0.03359375 0.025
2 0.43984375 0.38828125 0.0296875 0.0203125
2 0.40703125 0.4171875 0.06015625 0.04609375
2 0.36875 0.41875 0.0328125 0.03125
0 0.309375 0.37734375 0.07421875 0.05234375
2 0.19609375 0.44375 0.05703125 0.0390625
2 0.121875 0.4984375 0.05390625 0.0390625
2 0.2734375 0.4609375 0.06640625 0.04609375
2 0.4171875 0.50546875 0.06328125 0.046875
2 0.35859375 0.5 0.05390625 0.04296875
0 0.58125 0.484375 0.0953125 0.06875
2 0.64609375 0.54921875 0.03828125 0.03046875
2 0.615625 0.58515625 0.046875 0.0375
2 0.54296875 0.54375 0.04296875 0.0296875
2 0.54296875 0.59296875 0.05625 0.046875
2 0.50234375 0.56875 0.0453125 0.04140625
2 0.45234375 0.56796875 0.06953125 0.04609375
2 0.4671875 0.603125 0.07890625 0.05625
2 0.37421875 0.5484375 0.071875 0.0515625
2 0.25078125 0.50625 0.05546875 0.03984375
2 0.2328125 0.53671875 0.04375 0.03203125
2 0.2921875 0.55390625 0.04609375 0.028125
2 0.2390625 0.56015625 0.05 0.03671875
2 0.55 0.69296875 0.06328125 0.0484375
2 0.4421875 0.68125 0.0515625 0.04140625
2 0.465625 0.73125 0.0359375 0.02890625
2 0.40078125 0.6515625 0.0796875 0.06015625
2 0.334375 0.5890625 0.03984375 0.0203125
2 0.32578125 0.61015625 0.06484375 0.0453125
2 0.259375 0.61796875 0.053125 0.0390625
0 0.23671875 0.6015625 0.05625 0.0390625
2 0.2109375 0.578125 0.05234375 0.04453125
2 0.1390625 0.58046875 0.040625 0.02265625
2 0.16171875 0.59453125 0.05390625 0.034375
2 0.15859375 0.625 0.05703125 0.0421875
2 0.1125 0.60078125 0.04765625 0.0390625
2 0.11328125 0.63046875 0.0453125 0.03125
2 0.1796875 0.6625 0.0484375 0.0359375
2 0.06796875 0.6359375 0.05078125 0.0375
2 0.084375 0.65703125 0.04296875 0.028125
2 0.0953125 0.68359375 0.0328125 0.02109375
2 0.05625 0.68828125 0.05078125 0.03359375
0 0.0140625 0.696875 0.02734375 0.0390625
2 0.1046875 0.7234375 0.02265625 0.01796875
2 0.19921875 0.69453125 0.02890625 0.02421875
2 0.11640625 0.74765625 0.028125 0.02109375
2 0.17421875 0.7203125 0.03671875 0.0265625
2 0.14609375 0.76015625 0.028125 0.0203125
2 0.071875 0.76015625 0.0390625 0.02890625
2 0.0234375 0.77421875 0.04609375 0.03359375
2 0.16796875 0.79375 0.015625 0.015625
2 0.3140625 0.66796875 0.04296875 0.034375
2 0.28046875 0.68359375 0.0453125 0.034375
2 0.27109375 0.75859375 0.040625 0.0265625
2 0.371875 0.71796875 0.059375 0.04609375
2 0.375 0.74765625 0.0453125 0.02890625