5 0.19921875 0.2296875 0.11015625 0.10859375
5 0.23671875 0.26796875 0.1515625 0.11796875
5 0.31484375 0.28671875 0.11171875 0.11171875
5 0.73125 0.3171875 0.1765625 0.13359375
5 0.59296875 0.3515625 0.165625 0.11875
5 0.4984375 0.68125 0.1609375 0.121875
5 0.63671875 0.671875 0.1203125 0.0953125
5 0.5703125 0.7484375 0.1109375 0.08828125
3 0.48671875 0.8875 0.0953125 0.08046875
5 0.5375 0.91875 0.08203125 0.0703125
5 0.24375 0.63203125 0.04375 0.0609375
5 0.25078125 0.684375 0.078125 0.06484375
5 0.29609375 0.6859375 0.0375 0.0390625
5 0.26015625 0.7140625 0.07578125 0.0390625
5 0.09140625 0.59609375 0.04609375 0.0234375
5 0.12578125 0.6078125 0.03046875 0.021875
3 0.09296875 0.6125 0.03984375 0.01953125
3 0.11015625 0.57890625 0.02265625 0.0296875
5 0.07578125 0.48671875 0.04765625 0.04140625
5 0.02890625 0.346875 0.04765625 0.03203125
5 0.06875 0.33515625 0.05625 0.0265625