5 0.7375 0.221875 0.1890625 0.134375
5 0.63984375 0.196875 0.1015625 0.078125
5 0.6421875 0.27578125 0.13203125 0.09921875
3 0.3734375 0.3125 0.09921875 0.05859375
5 0.46875 0.3703125 0.096875 0.09453125
5 0.36015625 0.36171875 0.1515625 0.10546875
5 0.34765625 0.41640625 0.10390625 0.05390625
4 0.11875 0.8171875 0.07578125 0.05625
3 0.1671875 0.7640625 0.0796875 0.0625
3 0.225 0.68046875 0.1109375 0.078125
5 0.275 0.71640625 0.10234375 0.07421875
3 0.77109375 0.6125 0.0640625 0.0265625
5 0.82421875 0.61953125 0.05390625 0.0296875