1 0.31796875 0.56171875 0.13671875 0.0921875
2 0.478125 0.77109375 0.08046875 0.053125
2 0.41328125 0.80234375 0.08828125 0.06640625
2 0.365625 0.80859375 0.05234375 0.06796875
2 0.33046875 0.76015625 0.08828125 0.0671875
2 0.27734375 0.74375 0.0953125 0.071875
2 0.328125 0.615625 0.071875 0.04296875
2 0.25546875 0.57734375 0.053125 0.06171875
2 0.41171875 0.53984375 0.0921875 0.07578125
0 0.36875 0.51015625 0.08125 0.03671875
2 0.29296875 0.490625 0.10390625 0.06953125
2 0.3515625 0.46640625 0.0859375 0.0625
2 0.3609375 0.3875 0.1 0.0796875
2 0.44140625 0.35234375 0.1140625 0.0859375
2 0.35625 0.27421875 0.1359375 0.1078125
2 0.56171875 0.21328125 0.1328125 0.0984375
2 0.55625 0.6671875 0.06640625 0.046875
2 0.6484375 0.30078125 0.12421875 0.10546875
2 0.859375 0.26171875 0.128125 0.084375
2 0.7234375 0.39765625 0.10234375 0.0828125
1 0.96953125 0.453125 0.05703125 0.03984375
2 0.96796875 0.4859375 0.05 0.0296875
2 0.84921875 0.45078125 0.084375 0.053125
2 0.6953125 0.47109375 0.0390625 0.0390625
2 0.74765625 0.459375 0.0578125 0.04375
2 0.74375 0.49375 0.06015625 0.034375