1 0.34921875 0.475 0.09609375 0.059375
0 0.63203125 0.35 0.10625 0.07890625
0 0.6828125 0.4 0.11953125 0.08828125
2 0.61484375 0.46875 0.096875 0.07578125
2 0.6359375 0.4921875 0.06484375 0.04375
2 0.21171875 0.4328125 0.10625 0.07734375
2 0.35859375 0.5078125 0.09140625 0.06328125
2 0.46484375 0.52578125 0.096875 0.06796875
2 0.584375 0.534375 0.08828125 0.0640625
2 0.6125 0.58515625 0.034375 0.02734375
2 0.5140625 0.58125 0.07109375 0.05859375
2 0.36484375 0.56640625 0.075 0.05546875
2 0.44609375 0.60625 0.08203125 0.0671875
2 0.36640625 0.621875 0.07421875 0.05390625
2 0.32578125 0.5484375 0.0484375 0.0578125
2 0.3375 0.65078125 0.07890625 0.0546875
2 0.40390625 0.64375 0.0609375 0.04921875
2 0.63203125 0.42890625 0.08359375 0.05390625