2 0.81953125 0.14765625 0.1640625 0.13203125
2 0.6984375 0.21015625 0.090625 0.1046875
1 0.590625 0.190625 0.21875 0.1734375
2 0.78359375 0.365625 0.14453125 0.10703125
2 0.678125 0.39921875 0.0890625 0.0875
2 0.58515625 0.39921875 0.1421875 0.10703125
2 0.5046875 0.36953125 0.13046875 0.103125
1 0.4828125 0.303125 0.08828125 0.06171875
2 0.45234375 0.4828125 0.1640625 0.11875
2 0.2765625 0.45546875 0.17109375 0.1265625
2 0.52890625 0.52890625 0.11484375 0.0859375
2 0.4359375 0.57734375 0.11640625 0.09609375
2 0.3421875 0.54765625 0.1078125 0.07890625
2 0.41875 0.66171875 0.10390625 0.07734375
2 0.28359375 0.68125 0.04296875 0.03515625
1 0.18203125 0.60390625 0.1140625 0.08359375
2 0.20234375 0.66875 0.1234375 0.09296875
2 0.159375 0.7265625 0.08203125 0.0546875
1 0.09921875 0.66953125 0.1203125 0.0953125
0 0.1375 0.78046875 0.1140625 0.08046875
2 0.2671875 0.828125 0.08046875 0.06328125
2 0.1921875 0.8546875 0.0953125 0.07421875
2 0.21171875 0.8953125 0.0796875 0.059375
2 0.4234375 0.815625 0.065625 0.0546875
2 0.57421875 0.775 0.1015625 0.08359375
2 0.55625 0.6828125 0.121875 0.0921875
2 0.765625 0.47734375 0.12578125 0.08515625
2 0.66015625 0.528125 0.09921875 0.06953125
2 0.6390625 0.559375 0.0453125 0.03359375
2 0.7296875 0.59453125 0.0765625 0.05078125
2 0.67734375 0.6203125 0.05546875 0.0421875
2 0.62890625 0.60703125 0.01953125 0.01640625
2 0.47265625 0.4203125 0.08046875 0.04375