4 0.29609375 0.47421875 0.24453125 0.1765625
3 0.24375 0.95703125 0.10859375 0.084375
5 0.52421875 0.66640625 0.1984375 0.15703125
3 0.33984375 0.63203125 0.20703125 0.1640625
3 0.11484375 0.54765625 0.06640625 0.04453125
4 0.74765625 0.53359375 0.096875 0.0609375
3 0.49296875 0.5375 0.2109375 0.1546875
5 0.02734375 0.35625 0.0546875 0.071875
5 0.06796875 0.3625 0.0625 0.0453125
5 0.028125 0.1359375 0.05625 0.0734375
5 0.61796875 0.0421875 0.0734375 0.04375
5 0.6890625 0.034375 0.06484375 0.02890625
5 0.57265625 0.03984375 0.03515625 0.03984375
5 0.6265625 0.3296875 0.090625 0.06328125
5 0.440625 0.32265625 0.05234375 0.040625
5 0.675 0.29921875 0.06796875 0.04765625
3 0.52265625 0.43515625 0.05703125 0.03984375