1 0.4953125 0.390625 0.25703125 0.1765625
0 0.2265625 0.4328125 0.20546875 0.14140625
2 0.41015625 0.54140625 0.1859375 0.125
2 0.2375 0.58671875 0.196875 0.14453125
2 0.34765625 0.60078125 0.08046875 0.07109375
1 0.45390625 0.75078125 0.125 0.0984375
2 0.378125 0.83046875 0.11484375 0.09296875
2 0.44375 0.82890625 0.04921875 0.0640625
1 0.7015625 0.4828125 0.14765625 0.1015625
1 0.728125 0.59921875 0.1609375 0.1234375
1 0.81796875 0.68125 0.10390625 0.07734375
2 0.72421875 0.70625 0.1234375 0.09140625
0 0.79921875 0.7375 0.09453125 0.05859375
1 0.89609375 0.75625 0.10390625 0.07890625
1 0.80546875 0.8109375 0.1234375 0.096875